"","Latitude","Longitude","tLU_INDEX","cLU_INDEX","Mean_CTRL_ET","Mean_t00X_ET","delta_ET_t00X","Mean_CTRL_SMOIS","Mean_t00X_SMOIS","delta_SMOIS_t00X","Mean_CTRL_RAINNC","Mean_t00X_RAINNC","delta_RAINNC_t00X","Mean_CTRL_VT","Mean_t00X_VT","delta_VT_t00X","Mean_CTRL_TRANS","Mean_t00X_TRANS","delta_TRANS_t00X","Mean_CTRL_T2","Mean_t00X_T2","delta_T2_t00X","Mean_CTRL_GT","Mean_t00X_GT","delta_GT_t00X","Mean_CTRL_VPD","Mean_t00X_VPD","delta_VPD_t00X","Mean_CTRL_U","Mean_t00X_U","delta_U_t00X","Mean_CTRL_V","Mean_t00X_V","delta_V_t00X","Mean_CTRL_APAR","Mean_t00X_APAR","delta_APAR_t00X","Mean_CTRL_PSN","Mean_t00X_PSN","delta_PSN_t00X"
"1",36.7976913452148,-82.00927734375,16,4,3.59908236259829e-05,3.54469257336946e-05,-5.43897892288269e-07,0.318037304707576,0.304384716883771,-0.0136525878238046,3.23450323251578,3.11673118721726,-0.117772045298519,293.045786298847,284.889587402344,-8.1561988965035,2.29268119925073e-05,0,-2.29268119925073e-05,292.386345758586,292.846867003601,0.460521245015457,294.118572982834,295.635181994079,1.51660901124478,928.981023526128,992.67885640471,63.6978328785826,0.955226161551638,1.11635270399501,0.161126542443368,0.163314034136908,-0.0354775277271981,-0.198791561864106,97.2840461299985,0,-97.2840461299985,7.2982513013095,0,-7.2982513013095
"2",36.7999649047852,-82.0765380859375,16,4,3.26102403878488e-05,2.39872048722975e-05,-8.62303551555135e-06,0.267127782111705,0.274427719247103,0.00729993713539817,3.28655564071786,3.30134298047449,0.0147873397566314,291.979564626679,283.567016601562,-8.41254802511662,2.08122092592964e-05,0,-2.08122092592964e-05,291.404124619381,291.732542771768,0.32841815238794,293.080951801373,295.15746443879,2.07651263741769,843.341747352958,892.046446842796,48.7046994898379,0.57055927060936,0.594314637881505,0.0237553672721452,-0.617127735886255,-1.07532743127657,-0.458199695390314,94.7322225299967,0,-94.7322225299967,7.00351592799566,0,-7.00351592799566
"3",36.8021965026855,-82.1438293457031,16,4,3.45553981700119e-05,3.38247740354736e-05,-7.30624134538358e-07,0.311870126905593,0.305504510715373,-0.00636561619022019,2.93009274637597,2.99528230357374,0.0651895571977668,292.473125118876,284.147979736328,-8.32514538254753,2.13999944652612e-05,0,-2.13999944652612e-05,291.787391682972,291.972121054154,0.184729371182073,293.315126011247,294.661177358276,1.34605134702866,872.978883136764,897.643992369988,24.6651092332241,0.278474017590375,0.224993231242722,-0.0534807863476529,-0.326542674123651,-0.634153891891617,-0.307611217767965,96.5622281862655,0,-96.5622281862655,7.03771523466918,0,-7.03771523466918
"4",36.8044013977051,-82.2111206054688,16,4,3.36802175406261e-05,3.24351528443441e-05,-1.24506469628195e-06,0.305583683582537,0.300925538413398,-0.00465814516913943,2.56920547159309,2.69050842676407,0.121302955170982,292.500476007935,284.142486572266,-8.35798943566959,2.085975658681e-05,0,-2.085975658681e-05,291.683118182144,291.857395774511,0.174277592367503,293.385365555926,294.773621311768,1.38825575584235,862.607742366455,884.308086101811,21.7003437353554,0.476180350714572,0.436445791113562,-0.0397345596010097,0.519809643379917,0.441221070336559,-0.0785885730433581,96.5198635446465,0,-96.5198635446465,6.87109306908515,0,-6.87109306908515
"5",36.8065605163574,-82.2784423828125,16,4,3.35973428694975e-05,3.14631724348633e-05,-2.1341704346342e-06,0.299282370214443,0.296582702398751,-0.00269966781569136,2.35401620212783,2.4578103489346,0.103794146806766,292.829654529932,284.555786132812,-8.27386839711966,2.09527259689905e-05,0,-2.09527259689905e-05,292.021573890332,292.250677319636,0.229103429304303,293.748862412045,295.214410120044,1.46554770799889,899.768633414378,929.66899070136,29.9003572869824,0.987266804870449,0.938015959748998,-0.0492508451214511,0.769933513338784,0.673732465451457,-0.0962010478873276,97.1938048823454,0,-97.1938048823454,6.79196335181451,0,-6.79196335181451
"6",36.8396759033203,-81.6698303222656,16,4,3.60410953833862e-05,3.82966622783777e-05,2.25556689499147e-06,0.334522982949525,0.314546651976408,-0.0199763309731164,4.19697759905432,3.93721212484898,-0.259765474205343,291.803602406409,283.830810546875,-7.97279185953357,2.3235139197288e-05,0,-2.3235139197288e-05,291.177871185243,291.372146734123,0.194275548879602,292.850118030278,293.82708188234,0.976963852061829,781.74031255689,801.374767128093,19.634454571203,0.819869559184605,0.830021929176466,0.0101523699918602,0.0423120910300706,-0.0663970848579007,-0.108709175887971,98.1940371401653,0,-98.1940371401653,7.72687744873958,0,-7.72687744873958
"7",36.8421211242676,-81.7371215820313,16,4,3.62677461330544e-05,3.72432178057643e-05,9.75471672709838e-07,0.333636144330987,0.31190248697967,-0.0217336573513171,4.21050804089277,3.79017270324577,-0.420335337647006,291.98342758051,284.116546630859,-7.86688094965098,2.37854447651374e-05,0,-2.37854447651374e-05,291.348272121566,291.583684116151,0.235411994584979,293.116017248403,294.247007120413,1.13098987201067,802.40162434933,828.677820401591,26.2761960522616,0.801452459653854,0.739709351910796,-0.0617431077430575,0.162405870926684,0.0601549554894251,-0.102250915437259,99.1508413094195,0,-99.1508413094195,7.7877540089522,0,-7.7877540089522
"8",36.8469123840332,-81.8717651367188,16,4,3.18705833787846e-05,2.49614907793063e-05,-6.90909259947829e-06,0.27419358556097,0.272988396818281,-0.0012051887426891,3.84766717242379,3.50148341187045,-0.346183760553344,290.50911194467,284.948211669922,-5.56090027474841,2.05411214205831e-05,0,-2.05411214205831e-05,291.417241663404,292.790930852742,1.37368918933839,293.412973021918,296.602889365396,3.18991634347839,815.501333855302,995.628114519301,180.126780663999,0.581277580444216,0.725226685166289,0.143949104722073,0.194308042577758,0.228793309769952,0.0344852671921936,91.4242519475991,0,-91.4242519475991,6.51236012366444,0,-6.51236012366444
"9",36.8492622375488,-81.9390869140625,16,4,3.44912311187263e-05,2.44687100130013e-05,-1.0022521105725e-05,0.277826500927556,0.274764142328307,-0.00306235859924969,3.92638526818691,3.47572581788414,-0.450659450302776,292.049142564173,284.035400390625,-8.01374217354788,2.30349954292557e-05,0,-2.30349954292557e-05,291.509237497583,292.022404770378,0.513167272794931,293.303724275697,295.601656470452,2.29793219475511,840.626226333022,917.630161156424,77.0039348234019,1.09352734333315,1.2378885745519,0.144361231218749,-0.268341268575257,-0.395623320815355,-0.127282052240098,97.1935023756896,0,-97.1935023756896,7.62073653945613,0,-7.62073653945613
"10",36.8515701293945,-82.0064086914063,16,4,3.29246321485284e-05,2.47157433187959e-05,-8.20888882973253e-06,0.284166723922179,0.279348938711464,-0.00481778521071513,4.15386684124286,3.68550113123706,-0.468365710005801,290.722031071578,282.481994628906,-8.24003644267157,2.11048819336744e-05,0,-2.11048819336744e-05,289.947418712733,290.218400941278,0.270982228544483,291.735991138569,293.615505930918,1.87951479234874,694.593978875143,733.470856563479,38.8768776883363,1.67977870391931,1.78655945827207,0.106780754352756,-0.466968714960212,-0.554777838636626,-0.0878091236764139,98.5173717938882,0,-98.5173717938882,7.44996498445722,0,-7.44996498445722
"11",36.8538360595703,-82.07373046875,16,4,3.44640367297974e-05,3.8529730274484e-05,4.06569354468668e-06,0.343742540772379,0.323645730707672,-0.0200968100647071,4.20055448091947,4.07361822861892,-0.126936252300555,290.342518767577,282.078247070312,-8.26427169726458,2.03093159766292e-05,0,-2.03093159766292e-05,289.500070032327,289.492980603881,-0.00708942844579497,290.929366266768,291.73539861564,0.806032348871895,655.254260332283,646.583494986619,-8.67076534566411,0.345490619476217,0.242533104838719,-0.102957514637498,0.985487337116086,1.03359101383191,0.0481036767158188,97.6142103915979,0,-97.6142103915979,7.39509248284489,0,-7.39509248284489
"12",36.8604431152344,-82.2757568359375,16,4,3.28475943212305e-05,3.09194892781953e-05,-1.92810504303524e-06,0.292588143089668,0.294400715744509,0.00181257265484142,2.22905199751895,2.54455610421988,0.31550410670093,292.928720711601,284.72705078125,-8.20166993035059,2.05059766835961e-05,0,-2.05059766835961e-05,292.186677677045,292.45674646998,0.270068792934296,293.950182419815,295.476061097876,1.52587867806091,931.796256683069,965.964378349413,34.1681216663433,0.868794184144839,0.785925736666073,-0.0828684474787658,1.01508382899715,1.0633200130911,0.0482361840939496,97.8264344637029,0,-97.8264344637029,6.59669023772374,0,-6.59669023772374
"13",36.8859710693359,-81.4646911621094,16,4,3.46746755326026e-05,3.82763463746936e-05,3.60167084209094e-06,0.340279699153157,0.320308815621573,-0.0199708835315838,4.05643498591888,3.92063882208278,-0.135796163836096,290.924793191115,283.044189453125,-7.88060373798987,2.17432551342182e-05,0,-2.17432551342182e-05,290.253091881066,290.410125189114,0.15703330804854,291.889783514592,292.711982665929,0.822199151336406,690.15544173941,704.042355389148,13.8869136497386,1.12220657176257,1.16141526563096,0.0392086938683904,0.136273991013042,-0.0356432448808338,-0.171917235893876,96.4013494828685,0,-96.4013494828685,7.55329489234509,0,-7.55329489234509
"14",36.8885307312012,-81.5320434570313,16,4,3.48115681235807e-05,3.75883903140608e-05,2.77682219048009e-06,0.333990363266537,0.316563426207394,-0.0174269370591437,3.97165801382472,3.89466345208323,-0.0769945617414947,291.239352760906,283.226379394531,-8.01297336637452,2.19516753012097e-05,0,-2.19516753012097e-05,290.560672400748,290.708919976771,0.148247576023095,292.18734725455,293.111206891381,0.923859636830741,727.657328721088,741.388450552679,13.7311218315908,0.852767323127433,0.798752471549146,-0.054014851578287,0.0534826029106975,-0.157671849580791,-0.211154452491488,97.060555532198,0,-97.060555532198,7.51108941817354,0,-7.51108941817354
"15",36.8910484313965,-81.5993957519531,16,4,3.55326854450547e-05,3.69294342715787e-05,1.39674882652398e-06,0.332438732945231,0.311482450613268,-0.0209562823319639,3.99170602488722,3.62444176225581,-0.367264262631408,291.70081857848,283.770233154297,-7.93058542418316,2.31335278025409e-05,0,-2.31335278025409e-05,291.1080915503,291.396657163061,0.288565612760408,292.820441682207,293.927070018679,1.10662833647262,780.488658005003,815.769119885047,35.2804618800443,0.901395727094962,0.849884017292724,-0.0515117098022384,0.157859145262259,0.117175959042505,-0.0406831862197537,98.2258759544037,0,-98.2258759544037,7.68444541904229,0,-7.68444541904229
"16",36.8959999084473,-81.7341003417969,16,4,3.61545900363576e-05,3.59512428725217e-05,-2.03347163835891e-07,0.352453650842682,0.332583427517407,-0.0198702233252744,4.28597992302006,4.07143065460727,-0.214549268412794,292.034786453233,284.751556396484,-7.28323005674912,2.29849376757828e-05,0,-2.29849376757828e-05,291.253394921649,291.773609934911,0.520215013261918,293.16083488444,294.699822429747,1.53898754530752,783.834541531587,849.216345433696,65.3818039021089,0.794944217402378,0.919766733418979,0.124822516016601,0.50119635262095,0.246972869449752,-0.254223483171198,97.1591507843168,0,-97.1591507843168,7.57073719714237,0,-7.57073719714237
"17",36.8984146118164,-81.8014526367188,16,4,3.41412729534385e-05,2.59787853544753e-05,-8.16248759896319e-06,0.280374665780914,0.278310257072007,-0.00206440870890695,4.15476437104054,3.91048133067596,-0.244283040364583,292.012575611008,283.821319580078,-8.19125603092976,2.25570269947873e-05,0,-2.25570269947873e-05,291.458924377561,291.86826493839,0.409340560828866,293.118477920334,295.196558738574,2.0780808182401,844.328985548649,906.789091285613,62.4601057369637,0.839602754110773,0.966526706653642,0.126923952542869,-0.203785583126479,-0.487390303592675,-0.283604720466197,95.4957338292772,0,-95.4957338292772,7.52473696813903,0,-7.52473696813903
"18",36.9007949829102,-81.8688049316406,16,4,3.24320171472971e-05,2.51273785350124e-05,-7.30463861228471e-06,0.281003310802236,0.279727394178109,-0.00127591662412646,3.95103756179157,3.76620083996373,-0.184836721827841,290.789748376728,282.711517333984,-8.07823104274343,2.06621852472181e-05,0,-2.06621852472181e-05,290.174379370148,290.473427795443,0.299048425295155,291.787821746114,293.699316007462,1.91149426134791,721.278511818975,764.051305897517,42.7727940785414,1.05585063470207,1.15460153700817,0.0987509023060982,-0.659231463817393,-0.996923672396863,-0.33769220857947,95.4702030769525,0,-95.4702030769525,7.2545696863339,0,-7.2545696863339
"19",36.9031295776367,-81.9361572265625,16,4,3.50702367965807e-05,3.56671352273695e-05,5.96898430788796e-07,0.324167661818508,0.309752381054059,-0.0144152807644493,3.42215069338807,3.37833691458417,-0.0438137788038988,291.444175102203,283.348846435547,-8.09532866665575,2.14568459571253e-05,0,-2.14568459571253e-05,290.772403249117,290.958238968078,0.18583571896005,292.245306456792,293.429905613483,1.18459915669121,774.721829198069,796.458505042045,21.7366758439763,0.16284497647483,0.130998228392035,-0.0318467480827949,0.394583025966778,0.251904949938236,-0.142678076028542,97.0083449068656,0,-97.0083449068656,7.26109972524392,0,-7.26109972524392
"20",36.9054489135742,-82.0035400390625,16,4,3.52160263099644e-05,3.37677252610031e-05,-1.44830104896137e-06,0.308286265853261,0.300838041730929,-0.00744822412233176,2.8485096988515,2.84055806021405,-0.00795163863744497,292.518187922389,284.267364501953,-8.25082342043578,2.2034207226525e-05,0,-2.2034207226525e-05,291.88069376403,292.261871044505,0.381177280474276,293.503401511968,294.995073114402,1.49167160243354,895.494006189947,951.025930216992,55.5319240270453,0.86156493730582,0.898614840041621,0.0370499027358006,1.74410328749206,1.66486885400508,-0.0792344334869817,98.8687918975449,0,-98.8687918975449,7.12625230099967,0,-7.12625230099967
"21",36.9121551513672,-82.2056884765625,16,4,3.32461924075713e-05,2.97522996151171e-05,-3.49389279245425e-06,0.294589024017226,0.291837274305322,-0.00275174971190406,2.28706571790907,2.32371512845031,0.0366494105412412,293.016005201104,285.128601074219,-7.88740412688497,2.07283484617489e-05,0,-2.07283484617489e-05,292.344042494986,292.801260577544,0.457218082557745,294.169947481079,295.970723651155,1.80077617007555,952.311420772891,1014.58918791458,62.2777671416846,0.966312565744821,1.01748404626478,0.0511714805199586,1.10625430045609,1.17885322681182,0.0725989263557314,96.9476468359446,0,-96.9476468359446,6.6295281803948,0,-6.6295281803948
"22",36.9143180847168,-82.2730712890625,16,4,3.23675503219668e-05,2.92178942452084e-05,-3.14965607675847e-06,0.289236970495208,0.290176279053294,0.000939308558085827,2.11449251419459,2.29961289299859,0.185120378804003,293.29657252989,285.56884765625,-7.72772487363972,2.03907471823535e-05,0,-2.03907471823535e-05,292.706820082703,293.156855983371,0.450035900668126,294.576653739789,296.386969078897,1.81031533910726,990.76544126933,1052.81711318071,62.0516719113837,0.934284264565513,0.91215058413668,-0.0221336804288322,0.417721658085699,0.615284220782107,0.197562562696408,96.6736585274133,0,-96.6736585274133,6.45886589987351,0,-6.45886589987351
"23",36.9372329711914,-81.3941040039063,16,4,3.2195717934523e-05,2.64236158751415e-05,-5.77210205938151e-06,0.282637677172181,0.284694496631086,0.00205681945890512,4.07027424706353,4.21194176796155,0.14166752089802,290.507523471315,282.417633056641,-8.08989041467481,2.02333472188591e-05,0,-2.02333472188591e-05,289.745372281203,290.034168185682,0.288795904479059,291.587410759582,293.165598843007,1.57818808342523,651.216072319062,689.337373881154,38.1213015620914,0.659299160038708,0.658229967324031,-0.00106919271467631,-0.01628057178384,-0.151704332860964,-0.135423761077124,95.2713208634798,0,-95.2713208634798,7.25934450323177,0,-7.25934450323177
"24",36.939826965332,-81.4614868164063,16,4,3.54545839518535e-05,3.61704278669518e-05,7.15843915098321e-07,0.352103788950158,0.33619183731823,-0.0159119516319284,4.02362274104713,4.04761046222132,0.0239877211741915,291.486065832474,283.570404052734,-7.91566177973954,2.20298236604853e-05,0,-2.20298236604853e-05,290.877643858896,291.154868070396,0.277224211500084,292.454047530576,293.686796367985,1.23274883740902,760.412489871863,799.592099390454,39.1796095185908,1.13670147387018,1.18736676996479,0.0506652960946095,1.00884276420816,0.953130504711653,-0.0557122594965079,96.6366734320325,0,-96.6366734320325,7.36379331912038,0,-7.36379331912038
"25",36.9423942565918,-81.5288696289063,16,4,3.55834680032957e-05,3.65652596281543e-05,9.81791624858624e-07,0.34910349104834,0.335073572700057,-0.014029918348283,4.03100538661337,4.0796899632511,0.0486845766377249,291.616240536889,283.775177001953,-7.84106353493547,2.22349032522368e-05,0,-2.22349032522368e-05,290.96521031952,291.269265387944,0.304055068423736,292.599180211031,293.820563622125,1.22138341109439,768.269289986238,807.527045039025,39.2577550527869,0.669407998547011,0.70170754421623,0.032299545669219,1.07474401183771,0.923203496125829,-0.151540515711881,98.0015435675005,0,-98.0015435675005,7.39299159988276,0,-7.39299159988276
"26",36.9449119567871,-81.5962524414063,16,4,3.48136216720694e-05,3.74242734747942e-05,2.61065180272483e-06,0.329323965290756,0.312836153267917,-0.0164878120228386,3.70729948516585,3.6822447328486,-0.0250547523172493,291.539675367076,284.372009277344,-7.16766608973211,2.30080771210861e-05,0,-2.30080771210861e-05,290.984336718559,291.574747594582,0.590410876023668,293.038684216772,294.313110422192,1.27442620542092,750.784743775156,813.975428039288,63.1906842641312,0.439478377369929,0.688653977403362,0.249175600033433,0.638522903016854,0.301884484322902,-0.336638418693952,97.6148201811827,0,-97.6148201811827,7.67519933942593,0,-7.67519933942593
"27",36.9474105834961,-81.6636352539063,16,4,3.34034219309163e-05,3.88018822032402e-05,5.39846027232396e-06,0.334570174741325,0.314649766104457,-0.0199204086368674,4.04464874104557,3.85006788856963,-0.19458085247594,289.808650411531,284.343566894531,-5.46508351700021,2.02534509196453e-05,0,-2.02534509196453e-05,290.711389819731,291.687080273281,0.975690453549589,292.432661352961,294.182227054737,1.74956570177585,743.244967899169,849.841214235293,106.596246336124,1.31321128837846,1.48406180305706,0.170850514678601,0.0699095040858548,-0.0185439031237982,-0.088453407209653,91.6792758913903,0,-91.6792758913903,6.6202357826265,0,-6.6202357826265
"28",36.9498634338379,-81.7310485839844,16,4,3.17026944726226e-05,2.72585050897503e-05,-4.44418938287236e-06,0.292375454628395,0.287020165576021,-0.00535528905237403,5.0059146555061,4.80295585567116,-0.202958799834945,289.984000693782,282.167053222656,-7.81694747112562,1.96596050354506e-05,0,-1.96596050354506e-05,289.395151554955,289.675879126833,0.280727571878231,291.05264909475,292.760829021609,1.70817992685949,645.343591549713,677.340061333808,31.9964697840951,2.03880817572952,2.22771008871696,0.188901912987447,-0.388675168891971,-0.559224045715111,-0.17054887682314,93.8348047618271,0,-93.8348047618271,7.18125930811322,0,-7.18125930811322
"29",36.952278137207,-81.7984619140625,16,4,3.01684647648642e-05,2.64252935422797e-05,-3.74317122258449e-06,0.29698915079565,0.289450764605662,-0.00753838618998748,5.24920867854713,4.71618922959026,-0.533019448956872,289.045320994068,281.224609375,-7.82071161906828,1.84218257351289e-05,0,-1.84218257351289e-05,288.29465938145,288.507486265623,0.212826884172728,290.041823352001,291.559101609333,1.51727825733229,551.099047991361,571.354352913865,20.2553049225041,1.22521548310522,1.33712248751444,0.111907004409215,0.0470061906431771,-0.0207366445111746,-0.0677428351543517,94.6533083333414,0,-94.6533083333414,7.04671415446046,0,-7.04671415446046
"30",36.9546585083008,-81.8658447265625,16,4,3.48132484266199e-05,3.84791763254179e-05,3.66592789879796e-06,0.342729026424847,0.321334549044643,-0.0213944773802039,4.33157185611562,4.10333021278055,-0.228241643335066,290.284046723874,282.326049804688,-7.95799691918609,2.05207872660297e-05,0,-2.05207872660297e-05,289.647752731619,289.739012856914,0.0912601252945251,290.988361393278,291.942747651586,0.954386258307863,678.960874301128,679.943956643749,0.983082342621287,0.912021735801509,0.890487700675164,-0.0215340351263454,1.2633580485983,1.33511543255608,0.0717573839577748,96.6043902429408,0,-96.6043902429408,7.29684412253099,0,-7.29684412253099
"31",36.9570045471191,-81.9332580566406,16,4,3.52981467726385e-05,3.48929314338628e-05,-4.05215338775667e-07,0.313193467847415,0.30438450260762,-0.00880896523979524,2.99919301220494,3.03126558483156,0.0320725726266193,292.155739573539,283.846252441406,-8.30948713213309,2.17792478738252e-05,0,-2.17792478738252e-05,291.458515326833,291.67136414976,0.212848822926674,292.983768641747,294.298660634187,1.31489199243958,859.993340836447,885.229831985479,25.236491149032,0.600058810159951,0.590284791910018,-0.00977401824993351,1.60845264340416,1.63346886049591,0.0250162170917512,98.3246683932805,0,-98.3246683932805,7.16116218800191,0,-7.16116218800191
"32",36.9593162536621,-82.0006713867188,16,4,3.43810743585779e-05,3.40704595565026e-05,-3.10614802075313e-07,0.311858992805436,0.302496668842046,-0.0093623239633896,2.89289134587997,2.87398561656985,-0.0189057293101254,292.152824234788,284.483062744141,-7.66976149064783,2.20393647834459e-05,0,-2.20393647834459e-05,291.509687866841,292.111724190681,0.6020363238394,293.3158910533,294.892769559372,1.57687850607147,842.474634722846,922.412167858774,79.9375331359287,0.410517199105535,0.604542768023268,0.194025568917734,1.12215877116323,0.964986393652637,-0.157172377510589,98.2312802757039,0,-98.2312802757039,7.21684445390464,0,-7.21684445390464
"33",36.9615821838379,-82.068115234375,16,4,3.41493147510493e-05,3.29273125813696e-05,-1.22200216967973e-06,0.310051296326122,0.299814479070397,-0.010236817255725,2.87039844806378,2.71690406962338,-0.153494378440401,292.319599490499,285.236358642578,-7.08324084792122,2.2136327322015e-05,0,-2.2136327322015e-05,291.768333507047,292.752412160011,0.984078652964456,293.69630395999,295.711202253709,2.01489829371911,872.108523798596,1001.80188528338,129.693361484785,0.9491027114286,1.15314704374562,0.20404433231702,1.19317650737409,0.691780037518066,-0.501396469856027,97.3514834458984,0,-97.3514834458984,7.13037129826716,0,-7.13037129826716
"34",36.9638214111328,-82.1355285644531,16,4,3.3893131623232e-05,3.21479206696135e-05,-1.74521095361845e-06,0.30319846855821,0.296964181843433,-0.00623428671477699,2.64899120167789,2.60466802222097,-0.044323179456923,292.712072882127,285.359039306641,-7.35303357548617,2.14982856577249e-05,0,-2.14982856577249e-05,292.102566657084,292.793306410132,0.690739753048035,294.020661508738,295.833990704532,1.81332919579376,915.289058367764,1007.62904501983,92.3399866520667,0.906628067314107,1.0875588868545,0.180930819540393,0.592906678005905,0.437467357814619,-0.155439320191286,97.3206190718028,0,-97.3206190718028,6.87549565824832,0,-6.87549565824832
"35",36.9681930541992,-82.2703857421875,16,4,3.22799626278166e-05,2.74083123797621e-05,-4.87165024805454e-06,0.27217720921115,0.278076595236302,0.00589938602515211,2.54226731846475,2.58934787195972,0.047080553494967,292.272762619815,284.500671386719,-7.77209123309575,2.03980298721499e-05,0,-2.03980298721499e-05,291.48067097989,291.767831208465,0.28716022857509,293.305450781737,295.048486460692,1.74303567895521,857.536887416615,897.440696727155,39.9038093105396,0.989986696853258,0.943766716330853,-0.0462199805224055,0.074285968830848,-0.0302828200586196,-0.104568788889468,97.0851321703518,0,-97.0851321703518,6.74090833176449,0,-6.74090833176449
"36",36.9884490966797,-81.3233947753906,16,4,3.47375794924457e-05,4.16460358406124e-05,6.90845634816674e-06,0.355977729700396,0.333349753333694,-0.0226279763667019,4.84937892000899,4.74060391157101,-0.10877500843798,290.322752819635,282.364440917969,-7.95831190166638,2.13676468060396e-05,0,-2.13676468060396e-05,289.527691825336,289.548137526931,0.0204457015950084,291.170152082506,291.519745440803,0.349593358297113,623.773793072374,614.473002702515,-9.3007903698583,1.22845013460622,1.18402536241632,-0.0444247721898992,0.162087814357044,0.0604137145132777,-0.101674099843767,96.0795592085339,0,-96.0795592085339,7.67716936053844,0,-7.67716936053844
"37",36.9936828613281,-81.458251953125,16,4,3.33244393852205e-05,2.60801774859471e-05,-7.24426189927342e-06,0.281290897223763,0.281147032181616,-0.000143865042147029,4.12669663551526,3.99388067131369,-0.132815964201576,291.105582219756,283.253448486328,-7.85213373342782,2.18866968400195e-05,0,-2.18866968400195e-05,290.502856878872,290.933730141896,0.430873263024409,292.403344076767,294.310074007382,1.90672993061486,728.75367551115,786.984068172296,58.2303926611461,1.26188620816512,1.30663042386259,0.0447442156974782,-0.0844518212711885,-0.172550962776482,-0.0880991415052935,95.942470739997,0,-95.942470739997,7.46337715279293,0,-7.46337715279293
"38",36.9962539672852,-81.5256958007813,16,4,3.42678590429002e-05,3.86869499617177e-05,4.41909091881748e-06,0.335015988614406,0.320890545803249,-0.0141254428111565,3.79968224223862,4.0547058398907,0.255023597652077,290.953347136674,283.18603515625,-7.76731198042427,2.14873869138465e-05,0,-2.14873869138465e-05,290.307046557143,290.483040957513,0.175994400369405,291.983702488635,292.754557164895,0.770854676260058,707.054174946383,717.959011528147,10.9048365817647,0.391071231018402,0.364947500796986,-0.0261237302214161,-0.036688714460083,-0.179588940837222,-0.142900226377139,95.7567468497531,0,-95.7567468497531,7.4365916169123,0,-7.4365916169123
"39",36.9987831115723,-81.5931091308594,16,4,3.45349546047491e-05,3.7236381120571e-05,2.70142651582187e-06,0.332604334145673,0.314940139959031,-0.0176641941866417,3.70220149276603,3.6163794118115,-0.0858220809545274,291.312315367837,283.650177001953,-7.66213836588423,2.18957275014481e-05,0,-2.18957275014481e-05,290.750088146197,291.015540097349,0.265451951151761,292.384527487922,293.425021771415,1.0404942834931,752.085348335812,777.086298213674,25.0009498778625,0.396251438907085,0.441083794306083,0.0448323553989975,0.137929406828617,-0.0101831704181093,-0.148112577246727,94.963674430586,0,-94.963674430586,7.47285941602038,0,-7.47285941602038
"40",37.0012664794922,-81.6605529785156,16,4,3.53767461237163e-05,3.88518623663114e-05,3.47511624259509e-06,0.33520860307997,0.317104291062731,-0.018104312017239,3.93025367280357,3.92255025032239,-0.00770342248117784,291.437319062328,283.569061279297,-7.86825778303103,2.22135698936451e-05,0,-2.22135698936451e-05,290.735074600673,290.927361573743,0.192286973070054,292.266547030734,293.140779899664,0.874232868930051,762.320090461887,777.389770086329,15.0696796244417,1.10895229490809,1.27259970322645,0.16364740831836,0.564845912619218,0.463544717387827,-0.101301195231391,96.0736414133018,0,-96.0736414133018,7.54414217392218,0,-7.54414217392218
"41",37.003719329834,-81.7279968261719,16,4,3.38162082523869e-05,2.71612482610567e-05,-6.65495999133014e-06,0.282059306310328,0.283486500775048,0.00142719446472028,4.3308434853187,4.37647923037537,0.045635745056674,291.087484649392,282.86962890625,-8.21785574314197,2.14376416732284e-05,0,-2.14376416732284e-05,290.371143332236,290.620715939449,0.249572607213224,292.031732600971,293.782345766866,1.75061316589495,754.472767950374,786.511293803442,32.0385258530684,1.34751268303745,1.44109546540218,0.0935827823647319,1.36929469351791,1.40620159364281,0.0369069001248967,96.976534835049,0,-96.976534835049,7.37595598547474,0,-7.37595598547474
"42",37.0061416625977,-81.7954406738281,16,4,3.74723938059097e-05,3.63828254804232e-05,-1.08956832548653e-06,0.324630098631952,0.30479964686802,-0.0198304517639316,3.75939246120616,3.34829516288562,-0.411097298320542,292.460257615953,284.217315673828,-8.24294194212496,2.32236635477018e-05,0,-2.32236635477018e-05,291.883091852379,292.140346120298,0.257254267918881,293.245518392869,294.659416949853,1.41389855698418,912.333994947176,944.712567579473,32.3785726322974,1.19824090285927,1.24732730289332,0.049086400034059,2.26903017137771,2.34040572254564,0.0713755511679319,97.5288788436575,0,-97.5288788436575,7.51850116518103,0,-7.51850116518103
"43",37.0085258483887,-81.8628845214844,16,4,3.62255153752535e-05,3.59604058059381e-05,-2.65109569315431e-07,0.320927249843701,0.30589201900155,-0.0150352308421515,3.35859387552636,3.2753411317483,-0.0832527437780657,292.153658184522,284.230346679688,-7.92331150483466,2.29523483721145e-05,0,-2.29523483721145e-05,291.580400181343,291.909080810981,0.328680629638541,293.155818195557,294.496289237445,1.34047104188807,867.61074158319,906.099433209214,38.488691626024,1.24768842682694,1.32108513388838,0.0733967070614434,1.48180259550197,1.72830285028715,0.246500254785179,98.3909972284464,0,-98.3909972284464,7.46481574467824,0,-7.46481574467824
"44",37.010871887207,-81.9303588867188,16,4,2.78478419822636e-05,3.42406435536913e-05,6.39280157142773e-06,0.32952942463155,0.302211331609137,-0.0273180930224128,2.85610628535605,2.9193683934008,0.0632621080447464,278.315848800282,284.938873291016,6.62302449073405,1.37897852808244e-06,0,-1.37897852808244e-06,290.427734923741,292.269063114589,1.84132819084886,291.863654420706,295.179814536142,3.31616011543673,681.867384833854,939.599485546725,257.732100712871,0.762350724977358,1.0173697684338,0.255019043456438,0.676617163838147,0.941105098922489,0.264487935084342,39.0745565921721,0,-39.0745565921721,1.00548576796162,0,-1.00548576796162
"45",37.01318359375,-81.997802734375,16,4,3.50151172384613e-05,3.49188247647838e-05,-9.62924736774793e-08,0.318351918341682,0.30588260979105,-0.0124693085506322,3.1718324677557,3.05573031433627,-0.116102153419429,292.030943618076,284.959594726562,-7.07134889151376,2.25589448624491e-05,0,-2.25589448624491e-05,291.432769465705,292.051353499413,0.618584033707293,293.332959409241,294.888346553379,1.55538714413797,833.999332987677,904.256123506362,70.2567905186853,0.860784591444426,1.060712720843,0.199928129398576,0.981133220920525,0.999977261506606,0.018844040586081,96.9306994222687,0,-96.9306994222687,7.30725494110413,0,-7.30725494110413
"46",37.0154609680176,-82.0652770996094,16,4,3.44241703422116e-05,3.48294497538673e-05,4.05279411655692e-07,0.315526707807199,0.307054178999166,-0.00847252880803245,3.14412734039828,3.1597534896981,0.0156261492998171,292.215392066721,284.836944580078,-7.37844748664247,2.18752537675057e-05,0,-2.18752537675057e-05,291.709541330309,292.110313128933,0.400771798624021,293.357472929599,294.739516459433,1.38204352983445,875.357578081189,924.387992892052,49.0304148108631,0.746056475739959,0.920200743699892,0.174144267959933,0.101929845422228,-0.116115525957937,-0.218045371380165,96.136880506062,0,-96.136880506062,7.13222404046192,0,-7.13222404046192
"47",37.0177040100098,-82.1327514648438,16,4,3.32853255236008e-05,3.03243104649744e-05,-2.96101505862647e-06,0.278503424049124,0.285064711055898,0.00656128700677344,3.014891534789,3.12530237181574,0.110410837026743,292.350620013742,284.664459228516,-7.68616078522615,2.09875740649693e-05,0,-2.09875740649693e-05,291.583314645369,291.910972667203,0.327658021834168,293.369305899119,294.910635707937,1.54132980881838,865.850561477034,909.589473170711,43.7389116936771,1.07198145613504,1.15151158315815,0.0795301270231092,0.316709916423255,0.220145629392203,-0.096564287031052,96.8488741739629,0,-96.8488741739629,6.93262816474053,0,-6.93262816474053
"48",37.0198974609375,-82.2001953125,16,4,3.29365305555805e-05,2.82530040512921e-05,-4.68352650428837e-06,0.274382451469255,0.278324714457414,0.00394226298815886,2.69750208732409,2.60754881964789,-0.0899532676761985,292.305418232189,284.498962402344,-7.80645582984516,2.05874175224104e-05,0,-2.05874175224104e-05,291.475369847837,291.741454208833,0.266084360995706,293.175595150907,294.945601180968,1.77000603006047,863.277765727695,901.396714229426,38.1189485017308,1.65918921072842,1.71674241113642,0.0575532004079993,0.437211186762018,0.419510919626922,-0.0177002671350955,97.6840223227899,0,-97.6840223227899,6.81159718846156,0,-6.81159718846156
"49",37.0220718383789,-82.2677001953125,16,4,3.20068840756053e-05,2.66523632873949e-05,-5.35452078821038e-06,0.270224907311289,0.275385189507649,0.00516028219636,2.52959744543092,2.40866026919112,-0.120937176239796,292.08235952178,284.346374511719,-7.7359850100612,1.97773317476456e-05,0,-1.97773317476456e-05,291.234666625694,291.468972082343,0.234305456649452,292.939055326169,294.747138149865,1.80808282369651,841.086987378132,873.221948168939,32.1349607908071,0.775515663046123,0.707285013582402,-0.0682306494637211,0.914699902619323,0.949747929957339,0.0350480273380162,97.4302148152755,0,-97.4302148152755,6.61661620404739,0,-6.61661620404739
"50",37.0396347045898,-81.2526245117188,16,4,3.53265913946506e-05,4.26763680931806e-05,7.34977669853001e-06,0.356363409287526,0.335036778143075,-0.0213266311444505,4.95178851103171,5.01347869889349,0.0616901878617764,290.428425587007,282.503112792969,-7.92531279403801,2.17045640609375e-05,0,-2.17045640609375e-05,289.638339120934,289.644350252564,0.00601113163025957,291.302980457949,291.553290974442,0.250310516493244,637.613406519434,624.528717634624,-13.0846888848096,1.40878854292741,1.45825142966113,0.049462886733721,0.39862981788234,0.295554309625866,-0.103075508256474,96.4310180876037,0,-96.4310180876037,7.74366706978243,0,-7.74366706978243
"51",37.0423049926758,-81.320068359375,16,4,3.49934065889681e-05,4.21880542910594e-05,7.19464770209131e-06,0.355149323430767,0.333582658198633,-0.0215666652321338,4.80404212739733,4.83116897762331,0.0271268502259865,290.381068548359,282.685638427734,-7.69543012062468,2.17356644249649e-05,0,-2.17356644249649e-05,289.727183299364,289.874812569804,0.147629270439836,291.431646587799,291.851017671313,0.419371083514136,644.469480969412,646.580970504865,2.11148953545307,0.936697262896003,1.09319904230514,0.156501779409133,0.582047432195395,0.453956001721576,-0.12809143047382,95.514286880431,0,-95.514286880431,7.70026567768991,0,-7.70026567768991
"52",37.0449447631836,-81.3875427246094,16,4,3.43274705731365e-05,4.23177989052818e-05,7.99032833214532e-06,0.360003697501026,0.337454175771222,-0.0225495217298037,5.19134092738486,5.04160312098316,-0.149737806401701,290.129834729793,282.131713867188,-7.99812086260528,2.08048933034068e-05,0,-2.08048933034068e-05,289.393708367439,289.365044288031,-0.0286640794076902,290.866613256649,291.104505541997,0.237892285347527,630.289180774792,615.435451196321,-14.8537295784708,1.9882321479945,2.12326428258155,0.135032134587046,0.0328410155766987,-0.19778377652407,-0.230624792100769,94.7282734813786,0,-94.7282734813786,7.58021431086687,0,-7.58021431086687
"53",37.047534942627,-81.4550170898438,16,4,3.23449959931019e-05,2.59074429942709e-05,-6.43755299883097e-06,0.29025617508738,0.284827099917054,-0.00542907517032626,4.56196292648968,4.27923621479263,-0.282726711697049,290.31386250093,282.294189453125,-8.01967304780516,2.0260048281883e-05,0,-2.0260048281883e-05,289.646432521739,289.90298504292,0.256552521181163,291.232589735262,292.983758405835,1.75116867057278,662.308219450095,694.640371806971,32.332152356876,0.0781091170898271,0.0440573059151443,-0.0340518111746828,-0.398997514816869,-0.653075088782939,-0.25407757396607,93.971786789669,0,-93.971786789669,7.34122814770568,0,-7.34122814770568
"54",37.050106048584,-81.5224914550781,16,4,3.48853807634447e-05,3.75839093136823e-05,2.69852855023765e-06,0.339096652519953,0.317710914042723,-0.0213857384772302,3.93647763667963,3.74478797423534,-0.191689662444286,290.878162913079,283.090698242188,-7.78746467089132,2.17540817966606e-05,0,-2.17540817966606e-05,290.154211499671,290.328907829938,0.174696330266897,291.741952332097,292.580181679395,0.838229347298295,696.164520965707,710.282774762965,14.1182537972574,0.815235283036426,0.813837292689154,-0.00139799034727217,0.506047039728126,0.350454696603352,-0.155592343124774,95.6992915547484,0,-95.6992915547484,7.53849725326225,0,-7.53849725326225
"55",37.0526275634766,-81.5899658203125,16,4,3.431241885752e-05,3.9223479944601e-05,4.91106108708101e-06,0.347587358197889,0.32439312635685,-0.0231942318410387,4.32245926164154,4.20686116992918,-0.115598091712365,290.335984599321,282.422760009766,-7.91322458955517,2.08052409415506e-05,0,-2.08052409415506e-05,289.54812363456,289.546894684028,-0.00122895053169714,291.032635097086,291.645436848401,0.612801751314578,650.402241662912,639.929000065619,-10.4732415972932,1.11096421805942,1.06363514882888,-0.0473290692305384,0.594624395758399,0.53495490644637,-0.0596694893120296,94.9748443428235,0,-94.9748443428235,7.45869783654501,0,-7.45869783654501
"56",37.0575828552246,-81.7249450683594,16,4,3.55859963991134e-05,3.76348813330806e-05,2.0488849339672e-06,0.326502924456394,0.311429466530269,-0.0150734579261244,3.60644365783431,3.66708487323207,0.0606412153977613,291.762595278737,283.967590332031,-7.79500494670543,2.24921970905769e-05,0,-2.24921970905769e-05,291.107370092369,291.357894318839,0.250524226469338,292.708277417944,293.797289342542,1.08901192459831,808.120222647312,833.103918407906,24.9836957605946,0.616481165722427,0.554177466575573,-0.0623036991468546,0.936140887950052,1.05954205799466,0.123401170044609,96.8897390305897,0,-96.8897390305897,7.47466807815957,0,-7.47466807815957
"57",37.0623931884766,-81.8599243164063,16,4,3.27109073109735e-05,3.43939520992931e-05,1.6830447883196e-06,0.321028335635743,0.302392890392668,-0.0186354452430756,2.95488853943654,2.93017362121843,-0.0247149182181072,289.876636289841,284.717834472656,-5.15880181718512,1.97225384573375e-05,0,-1.97225384573375e-05,290.60622182299,291.838627637823,1.23240581483248,292.495098970402,294.740035203931,2.24493623352868,745.431494060636,886.541911980062,141.110417919426,1.01394598173697,1.15482468977235,0.140878708035384,0.492089705650602,0.561912145927875,0.0698224402772723,91.5791651379892,0,-91.5791651379892,6.35696204090403,0,-6.35696204090403
"58",37.0647315979004,-81.9274291992188,16,4,3.48516277837712e-05,3.56226285655657e-05,7.71000781794426e-07,0.322384293187985,0.306949100087223,-0.0154351931007621,3.15492678911258,3.17834681323451,0.0234200241219282,291.867718403718,284.446899414062,-7.42081898965506,2.20943644296055e-05,0,-2.20943644296055e-05,291.257036445106,291.695696857406,0.438660412299953,292.989622529342,294.329801739079,1.34017920973719,820.845270274893,873.735756787679,52.8904865127856,1.11218525361474,1.2348428437526,0.122657590137856,0.231799698314666,0.2267424996147,-0.00505719869996549,96.0777873128967,0,-96.0777873128967,7.30920963157555,0,-7.30920963157555
"59",37.0670509338379,-81.9949340820313,16,4,3.39211549237002e-05,3.17335947434257e-05,-2.18756018027449e-06,0.289439893520152,0.289522714699335,8.28211791833455e-05,3.31013545826969,3.35807636456612,0.0479409062964282,291.788474233884,284.170532226562,-7.61794200732186,2.14687527651228e-05,0,-2.14687527651228e-05,291.111050435141,291.422704989023,0.311654553881112,292.779551300435,294.248171895472,1.46862059503729,816.807530922104,855.390361168302,38.5828302461986,1.13703020465396,1.2419393007529,0.104909096098935,0.293337694351567,0.232261849572185,-0.0610758447793819,96.0755228349906,0,-96.0755228349906,7.16353029856093,0,-7.16353029856093
"60",37.0693283081055,-82.0624389648438,16,4,3.43155903057205e-05,3.08384346811959e-05,-3.47715562452459e-06,0.284583942031858,0.28588823258654,0.0013042905546814,3.18570973322942,3.22400492480677,0.0382951915773573,292.16804186288,284.307189941406,-7.86085192147408,2.13221890158856e-05,0,-2.13221890158856e-05,291.387444261005,291.598336014519,0.210891753514716,292.948019409723,294.540373647512,1.59235423778927,854.158165268852,881.506021098167,27.347855829315,0.702210878484528,0.731267645220822,0.0290567667362932,1.00101086804078,0.945622688346871,-0.0553881796939075,97.0528604029868,0,-97.0528604029868,7.10177875240694,0,-7.10177875240694
"61",37.0715637207031,-82.1299438476563,16,4,3.29343301319374e-05,2.78757637201487e-05,-5.05856641178876e-06,0.267605064972341,0.275767479125375,0.00816241415303409,2.59380121720143,2.65436361182449,0.0605623946230636,293.233261524029,285.498718261719,-7.73454326230984,2.04646497801695e-05,0,-2.04646497801695e-05,292.624099826524,293.012172976741,0.388073150216428,294.25444822089,296.20868337182,1.95423515092995,998.258307774511,1056.14597848367,57.8876707091612,0.914945367081466,1.0058303938891,0.09088502680763,1.29325525578595,1.27114073799743,-0.0221145177885207,95.2694926398876,0,-95.2694926398876,6.54458221415738,0,-6.54458221415738
"62",37.0737762451172,-82.1974792480469,16,4,3.24119920136484e-05,2.64566820506061e-05,-5.95530996304223e-06,0.260392492803174,0.271483040291558,0.0110905474883839,2.34692365287716,2.39235384851439,0.0454301956372385,293.28977881281,285.342864990234,-7.94691382257543,1.9904698149271e-05,0,-1.9904698149271e-05,292.535120831789,292.83962662262,0.304505790831342,294.203266863002,296.142375183377,1.93910832037506,1001.91616689875,1047.95129067046,46.0351237717083,1.4801886377224,1.53997250483183,0.0597838671094224,1.30283941643292,1.34004464477594,0.0372052283430229,96.4977497777266,0,-96.4977497777266,6.36683403085199,0,-6.36683403085199
"63",37.0759391784668,-82.2649841308594,16,4,3.20088584518263e-05,2.54155301215028e-05,-6.59332833032343e-06,0.257328048930068,0.269257117669319,0.0119290687392509,2.18448168192154,2.18985617874015,0.0053744968186078,293.181083354573,285.409393310547,-7.77169004402617,1.96511862438124e-05,0,-1.96511862438124e-05,292.402221310238,292.711428639047,0.309207328808611,294.165003877911,296.127154453,1.96215057508874,985.369493032003,1031.085907398,45.7164143659999,1.2620888944756,1.27528418304829,0.01319528857269,1.46447829242636,1.57147270805733,0.106994415630976,96.9880344426528,0,-96.9880344426528,6.29955434769298,0,-6.29955434769298
"64",37.0907707214356,-81.1817321777344,16,4,3.56366219926223e-05,4.12675970262823e-05,5.63097503365999e-06,0.349402386705095,0.327937403172175,-0.0214649835329199,4.59857610963349,4.61839900872646,0.0198228990929756,290.751745551681,282.792541503906,-7.95920404777507,2.21773858580739e-05,0,-2.21773858580739e-05,290.053918171252,290.168274941766,0.114356770514576,291.678776042029,292.198827313299,0.520051271269836,678.085480555274,679.798896813782,1.71341625850812,1.19943367232518,1.31268088165801,0.113247209332825,0.94738724109794,0.884763448996266,-0.0626237921016746,96.2693522938086,0,-96.2693522938086,7.73054223090359,0,-7.73054223090359
"65",37.0934791564941,-81.2492370605469,16,4,3.54282469336659e-05,4.20833784892581e-05,6.65513155559222e-06,0.348930835337885,0.332086666378556,-0.0168441689593291,4.53474895770733,4.85873220313309,0.323983245425755,290.613907922518,282.598754882812,-8.01515303970507,2.16280747394996e-05,0,-2.16280747394996e-05,289.871159022954,289.872677317289,0.00151829433463035,291.445681805073,291.80081983026,0.355138025187046,670.553022202679,656.995429725082,-13.5575924775972,2.01184567774933,2.05746257700243,0.045616899253107,0.533464812476446,0.497296940512343,-0.0361678719641026,96.2175217132172,0,-96.2175217132172,7.61381629870457,0,-7.61381629870457
"66",37.0987892150879,-81.38427734375,16,4,3.39172479964898e-05,4.16365863230407e-05,7.71933832655089e-06,0.356417610490579,0.336769887777926,-0.0196477227126531,5.09161049280411,5.07778604621561,-0.0138244465885,289.698908760515,281.749328613281,-7.94958014723369,1.98500363598544e-05,0,-1.98500363598544e-05,288.989120418202,288.957092317755,-0.032028100446837,290.405409288805,290.774169593174,0.368760304368664,605.811501534708,585.014741999406,-20.7967595353022,2.10468692099557,2.20423944192574,0.0995525209301684,0.702899482471775,0.682507739729343,-0.0203917427424312,94.5587234159062,0,-94.5587234159062,7.30112696110901,0,-7.30112696110901
"67",37.1013946533203,-81.4517822265625,16,4,3.39955374947749e-05,4.03425330294584e-05,6.34699553468352e-06,0.34607196137646,0.330153209527861,-0.0159187518485993,4.32321608779777,4.55876634874914,0.235550260951377,289.849327990651,281.891998291016,-7.9573296996353,1.95187052738003e-05,0,-1.95187052738003e-05,289.184654720742,289.18387538427,-0.000779336471225633,290.512314147026,291.051090897201,0.538776750175771,630.626573584894,613.072309352116,-17.5542642327781,0.712504265064568,0.670071739670297,-0.0424325253942709,1.60047995272554,1.64728075786927,0.0468008051437312,93.9209419445334,0,-93.9209419445334,7.14780714864053,0,-7.14780714864053
"68",37.1039657592773,-81.519287109375,16,4,3.49700366605195e-05,3.84469865780854e-05,3.47694991756595e-06,0.328491689162108,0.31738451035295,-0.0111071788091581,3.5208323389037,3.96514493991167,0.444312601007967,291.127532508039,283.145629882812,-7.98190262522672,2.13212419867363e-05,0,-2.13212419867363e-05,290.443476854365,290.558063443921,0.11458658955587,291.921751815907,292.703643997135,0.781892181228045,743.333978375924,745.180695955215,1.84671757929095,0.572778010965489,0.610756299358174,0.0379782883926848,1.30754997839003,1.33475482978879,0.0272048513987577,95.2126113827487,0,-95.2126113827487,7.27495099847079,0,-7.27495099847079
"69",37.1064910888672,-81.5868225097656,16,4,3.53859556187312e-05,3.96438796615659e-05,4.25792404283466e-06,0.323927322044128,0.318328883783427,-0.00559843826070044,3.50801851810553,4.2266884420672,0.718669923961672,291.405812012718,283.361846923828,-8.04396508889033,2.15484610514081e-05,0,-2.15484610514081e-05,290.693489165711,290.777311977382,0.0838228116707,292.177528423454,292.928597147193,0.751068723738683,776.115728758668,772.077699885603,-4.03802887306438,1.06865482872394,1.04020140726884,-0.0284534214550991,1.45181245923343,1.47732139175241,0.0255089325189755,96.8624420502517,0,-96.8624420502517,7.26175660071295,0,-7.26175660071295
"70",37.1089859008789,-81.6543579101563,16,4,3.56926760217696e-05,3.82954734161147e-05,2.60279739434513e-06,0.319515281743361,0.311233765851041,-0.00828151589231979,3.30409980839134,3.77302335266374,0.468923544272398,291.957549701111,283.850708007812,-8.10684169329886,2.19855937660726e-05,0,-2.19855937660726e-05,291.207195578764,291.369932962818,0.162737384053798,292.785404666454,293.763452014784,0.978047348329426,829.990182335032,841.58137003521,11.5911877001779,0.918910657652864,0.930296661743154,0.01138600409029,1.7475250422476,1.7303029766831,-0.0172220655645017,96.9608759605295,0,-96.9608759605295,7.2898386161846,0,-7.2898386161846
"71",37.1114349365234,-81.7218933105469,16,4,3.46785608809105e-05,3.45098475823349e-05,-1.6871329857563e-07,0.318974806266083,0.303356129018192,-0.0156186772478907,3.14515945238945,3.10271951072236,-0.0424399416670842,291.712601493087,284.199768066406,-7.5128334266808,2.19591091498528e-05,0,-2.19591091498528e-05,291.097537504729,291.528959193135,0.431421688406488,292.865374689576,294.287422629763,1.42204794018681,807.591454209005,858.900185116941,51.3087309079367,1.09302598452336,1.16893139246465,0.0759054079412931,0.865068483156992,0.886925352903705,0.0218568697467127,96.0124968528503,0,-96.0124968528503,7.26064400201856,0,-7.26064400201856
"72",37.1138648986816,-81.7894287109375,16,4,3.40479775766034e-05,3.17852950403776e-05,-2.26268253622587e-06,0.29277506318074,0.286760316797905,-0.00601474638283517,3.29957051562448,3.21206909570938,-0.0875014199150934,291.515295033101,284.213073730469,-7.30222130263212,2.18327253437075e-05,0,-2.18327253437075e-05,291.006455883089,291.539165945734,0.532710062644639,292.762793118703,294.42387098109,1.66107786238689,795.511483930034,863.086492323702,67.5750083936687,0.826534443482009,0.963352768367496,0.136818324885487,0.160602810177077,0.15513395644055,-0.00546885373652645,95.1558333159671,0,-95.1558333159671,7.28157640804545,0,-7.28157640804545
"73",37.1162567138672,-81.8569641113281,16,4,3.39915694141543e-05,3.25077319944977e-05,-1.48383741965661e-06,0.292270085442256,0.288505739441716,-0.00376434600053999,3.31235102303008,3.34127091953897,0.028919896508893,291.524364469398,284.001861572266,-7.52250289713254,2.14589995583717e-05,0,-2.14589995583717e-05,290.900936246916,291.258123766257,0.357187519341721,292.5128081982,293.99094019111,1.47813199290988,792.790546263254,836.498164686406,43.7076184231515,0.899880563777145,1.00732672881474,0.107446165037599,0.0417495515936671,-0.00985422951513729,-0.0516037811088044,95.4579255346528,0,-95.4579255346528,7.23120910781559,0,-7.23120910781559
"74",37.1186027526856,-81.9244995117188,16,4,3.49046670578038e-05,3.38176432220486e-05,-1.08702383575514e-06,0.293817103403185,0.291519264455965,-0.00229783894721991,3.49055447537675,3.72082765693338,0.230273181556636,291.869952038342,284.07177734375,-7.79817469459169,2.19053338454407e-05,0,-2.19053338454407e-05,291.089757364119,291.305967369304,0.21621000518445,292.6079737694,293.979563852466,1.37159008306605,817.628096894693,843.236897475587,25.6088005808938,1.09300052501585,1.15089196201746,0.0578914370016117,0.6092174526017,0.565902395129492,-0.0433150574722074,96.4275664278192,0,-96.4275664278192,7.3539396057037,0,-7.3539396057037
"75",37.1209106445313,-81.9920654296875,16,4,3.41961776843289e-05,3.19577127249118e-05,-2.23846495941712e-06,0.283555268272373,0.287637417297363,0.00408214902498977,3.04685101957403,3.35745661075299,0.310605591178959,292.151623894826,284.236053466797,-7.9155704280289,2.11958175379792e-05,0,-2.11958175379792e-05,291.357254204895,291.549054151755,0.191799946860158,292.892733630452,294.355667709179,1.46293407872793,855.484464618569,880.913449088227,25.4289844696583,0.942848940723278,0.995283087727745,0.0524341470044675,1.00329399583339,1.00314788095529,-0.000146114878097237,96.9912665831912,0,-96.9912665831912,7.06538635458053,0,-7.06538635458053
"76",37.1231918334961,-82.0596008300781,16,4,3.36969681531724e-05,2.84670808769861e-05,-5.22988727618635e-06,0.275255921991993,0.278016526951062,0.00276060495906949,2.72249994930039,2.60029763441819,-0.122202314882197,292.53088776064,284.720642089844,-7.81024567079601,2.0686369513421e-05,0,-2.0686369513421e-05,291.757986070423,292.045539083102,0.287553012678757,293.373226209915,295.190676941277,1.8174507313613,901.201258657194,944.657217275376,43.4559586181814,0.897961752700288,0.93258783471116,0.0346260820108716,1.12669495780992,1.14893646457615,0.0222415067662236,96.0621665355162,0,-96.0621665355162,6.81433495348467,0,-6.81433495348467
"77",37.1254348754883,-82.1271667480469,16,4,3.26630379343922e-05,2.71223465022036e-05,-5.54069143218866e-06,0.267384312040832,0.273727690240274,0.00634337819944247,2.43602592109615,2.46427908106747,0.0282531599713187,292.994259908145,285.606781005859,-7.38747890228603,2.04819836613139e-05,0,-2.04819836613139e-05,292.40090539792,292.862892051725,0.461986653805184,294.09738997503,296.091906856722,1.99451688169182,973.957748819654,1041.33288096754,67.3751321478876,0.625983080980608,0.70737016255144,0.0813870815708326,0.681870489933024,0.701523007765666,0.0196525178326411,95.3256542340414,0,-95.3256542340414,6.54066274866352,0,-6.54066274866352
"78",37.1276435852051,-82.1947326660156,16,4,3.20799437379018e-05,2.55844920340171e-05,-6.49545170388472e-06,0.259551350530705,0.268744191974242,0.00919284144353777,2.17409982436743,2.12061474465916,-0.0534850797082624,293.449270663025,286.108154296875,-7.34111636614955,2.01851861606256e-05,0,-2.01851861606256e-05,292.845240042348,293.344017649537,0.498777607188856,294.602908815802,296.760997455061,2.15808863925918,1033.185184833,1109.5037125817,76.3185277486923,0.915983132453909,1.04252314716093,0.126540014707024,0.633709377162102,0.693105282648043,0.0593959054859409,95.5233214908685,0,-95.5233214908685,6.33153710952466,0,-6.33153710952466
"79",37.129810333252,-82.2622985839844,16,4,3.21931349909783e-05,2.61395630653885e-05,-6.05357192558986e-06,0.258768853305502,0.269543194359088,0.0107743410535856,2.17969152662489,2.2375041969821,0.0578126703572073,293.38857485116,286.030364990234,-7.35820986092546,2.00620796400864e-05,0,-2.00620796400864e-05,292.677981286493,293.060538611294,0.382557324801155,294.429987563258,296.411964464043,1.98197690078496,1018.31166300715,1073.6872077979,55.3755447907547,1.40912236373872,1.44420028554339,0.0350779218046646,0.757095271691026,0.862910107100546,0.10581483540952,96.6698429758308,0,-96.6698429758308,6.33597656260254,0,-6.33597656260254
"80",37.1418571472168,-81.1107788085938,16,4,3.56074592017865e-05,4.16960373544458e-05,6.08857815265933e-06,0.351670340820417,0.328814866891085,-0.0228554739293327,4.90986963418814,4.73717662208101,-0.172693012107132,290.792082898108,282.603820800781,-8.18826209732663,2.21110586535692e-05,0,-2.21110586535692e-05,290.046117599566,290.090833205185,0.0447156056191602,291.587621750304,292.008440071691,0.420818321386946,679.59401383936,674.124420839186,-5.46959300017454,1.18327676845317,1.28800925874168,0.104732490288508,0.623964273564314,0.526979788618334,-0.0969844849459801,95.4337099054701,0,-95.4337099054701,7.73323946879734,0,-7.73323946879734
"81",37.1446151733398,-81.1783142089844,16,4,3.52429230671239e-05,4.12134330092306e-05,5.97050994210667e-06,0.350461019800294,0.329105570525706,-0.0213554492745882,4.60433316842104,4.47064570076445,-0.133687467656584,290.600343187742,282.408203125,-8.192140062742,2.16587019731688e-05,0,-2.16587019731688e-05,289.815225045325,289.806645275712,-0.00857976961333407,291.336041402112,291.731611311934,0.395569909822257,667.10067232627,654.1658804498,-12.9347918764698,1.65433852683244,1.76098156241785,0.106643035585412,0.464322007819631,0.420142908568529,-0.0441790992511026,95.4519648057375,0,-95.4519648057375,7.624540280468,0,-7.624540280468
"82",37.1473197937012,-81.245849609375,16,4,3.49414265415248e-05,4.05573640188993e-05,5.61593747737454e-06,0.340835612871447,0.326400046661769,-0.0144355662096771,4.05198131463467,4.57300407051021,0.521022755875546,290.714996528048,282.833557128906,-7.88143939914198,2.14430116276678e-05,0,-2.14430116276678e-05,290.10265727533,290.212127767043,0.109470491713239,291.636007902863,292.169034784367,0.533026881504043,697.685499733017,698.784645709209,1.09914597619274,1.14928322733534,1.22440961148337,0.075126384148027,0.961134111725578,0.948833149953374,-0.0123009617722041,94.096881178692,0,-94.096881178692,7.42900867339594,0,-7.42900867339594
"83",37.1499977111816,-81.3134155273438,16,4,3.49231345505957e-05,3.90630217792837e-05,4.13988722868796e-06,0.338436806759833,0.322147818735555,-0.0162889880242775,4.04092382773375,4.13778419983693,0.0968603721031771,290.708932163156,282.691375732422,-8.01755643073449,2.1186767073273e-05,0,-2.1186767073273e-05,290.033866372974,290.124072628554,0.0902062555808243,291.556011371772,292.234530157735,0.678518785962581,700.595217280188,701.453975834214,0.858758554026394,1.62619905083571,1.82887918500079,0.202680134165087,1.53457674498278,1.51760929572957,-0.0169674492532021,94.8813326282711,0,-94.8813326282711,7.35880249904497,0,-7.35880249904497
"84",37.1526374816895,-81.3809814453125,16,4,3.36988461132295e-05,3.8278719799962e-05,4.57987368673251e-06,0.343607317282887,0.324347671900639,-0.0192596453822484,4.33066271105383,4.20236453846988,-0.128298172583947,290.194753311698,282.155853271484,-8.03890004021343,2.03762490758799e-05,0,-2.03762490758799e-05,289.356431854775,289.396297162127,0.039865307352045,290.867485305816,291.525220588791,0.657735282975409,639.058015477355,633.587976422337,-5.47003905501799,1.47280349538197,1.56143684991304,0.0886333545310665,0.960493127272769,0.971318354751969,0.0108252274792004,94.8955027640529,0,-94.8955027640529,7.3017083006241,0,-7.3017083006241
"85",37.1552352905273,-81.4485473632813,16,4,3.46020945864361e-05,3.7725921821601e-05,3.12382723516495e-06,0.333732863385758,0.31756765035276,-0.0161652130329972,3.84041103134807,3.77138494018816,-0.0690260911599183,290.772229705859,282.902252197266,-7.86997750859382,2.11692329905123e-05,0,-2.11692329905123e-05,290.134365123214,290.27368383287,0.139318709656152,291.582227364965,292.423517521578,0.841290156612445,716.601845429194,721.503881839308,4.90203641011362,0.625557433726846,0.666118907735109,0.0405614740082629,1.24230885064206,1.3538531458122,0.111544295170142,95.1471871668916,0,-95.1471871668916,7.30022834520053,0,-7.30022834520053
"86",37.1578140258789,-81.51611328125,16,4,3.41851399183078e-05,3.82448074859558e-05,4.05966756764803e-06,0.322112884947482,0.315352689362074,-0.0067601955854078,3.23869556035751,3.73517627390022,0.49648071354271,291.11128659458,283.374847412109,-7.73643918247097,2.10614342288605e-05,0,-2.10614342288605e-05,290.474098323736,290.672942653423,0.19884432968729,292.081571853689,292.902801543554,0.821229689864481,750.297548932929,762.962583000638,12.6650340677091,1.00905002378853,0.974145932755007,-0.034904091033521,0.90799607511683,1.06908924510527,0.161093169988435,95.2756069407705,0,-95.2756069407705,7.13047751959878,0,-7.13047751959878
"87",37.1603393554688,-81.5836791992188,16,4,3.46395292799788e-05,3.76803279576938e-05,3.04079867771494e-06,0.316640439578089,0.312503217181792,-0.00413722239629705,3.07399342202733,3.62108873709654,0.547095315069215,291.560347372513,283.660583496094,-7.8997638764194,2.10955056995921e-05,0,-2.10955056995921e-05,290.840684757297,291.012320164155,0.171635406858115,292.408716822171,293.334615866654,0.92589904448306,790.067883180172,799.712007031822,9.64412385164997,0.585530998469605,0.530537406464026,-0.0549935920055792,1.14674742837136,1.29200675128943,0.145259322918061,95.4905855088374,0,-95.4905855088374,7.07395247441897,0,-7.07395247441897
"88",37.1628341674805,-81.6512451171875,16,4,3.39484724351831e-05,3.21685679017562e-05,-1.77990453342692e-06,0.284433547387492,0.287938529460062,0.00350498207257022,3.02100426519019,3.29175455549843,0.270750290308243,291.912527960773,284.127166748047,-7.78536121272651,2.15091175560407e-05,0,-2.15091175560407e-05,291.245861399146,291.608151553172,0.362290154026368,293.010556077541,294.474629602335,1.46407352479429,833.747722963457,876.114680175761,42.3669572123047,1.38270619870919,1.44830621271641,0.065600014007225,0.927846344581489,1.00338928625256,0.0755429416710727,96.2457107826325,0,-96.2457107826325,7.10512636665063,0,-7.10512636665063
"89",37.1652946472168,-81.7188110351563,16,4,3.39000493318278e-05,3.27234695351659e-05,-1.1765797966618e-06,0.292054338283533,0.290504346109061,-0.00154999217447255,3.42485066764375,3.50725236713377,0.0824016994900174,291.505168445513,283.794494628906,-7.71067381660686,2.12876491111172e-05,0,-2.12876491111172e-05,290.808644657906,291.129939479465,0.321294821558752,292.471356541826,293.90430981115,1.43295326932417,790.207600519793,825.092164471729,34.8845639519358,1.40292522111889,1.54640732216361,0.143482101044716,0.628665680344354,0.574560410717564,-0.0541052696267902,95.5676891068831,0,-95.5676891068831,7.17512781371558,0,-7.17512781371558
"90",37.1677169799805,-81.7864074707031,16,4,3.4245561204008e-05,3.28530948819502e-05,-1.39246632205777e-06,0.296247020438751,0.291615197826651,-0.00463182261210016,3.5021552550487,3.56070537241096,0.0585501173622589,291.26950210699,283.599853515625,-7.66964859136465,2.11309667674482e-05,0,-2.11309667674482e-05,290.54509964519,290.779421172873,0.234321527683107,292.084715968331,293.433698350262,1.34898238193102,762.87537575893,790.75657952279,27.8812037638606,1.01982581722429,1.10945457674055,0.0896287595162573,0.651246295605854,0.577484482333563,-0.073761813272291,95.6993393694283,0,-95.6993393694283,7.2370506340289,0,-7.2370506340289
"91",37.1701049804688,-81.85400390625,16,4,3.50417085852021e-05,3.2647888674389e-05,-2.39381991081307e-06,0.294857902740517,0.288881495765425,-0.00597640697509239,3.57659619893783,3.47248726624709,-0.104108932690743,291.790005551298,284.020172119141,-7.76983343215733,2.1526226632141e-05,0,-2.1526226632141e-05,291.112907025278,291.335699281426,0.222792256147955,292.517875938966,294.005547215002,1.48767127603617,826.142584634959,856.18992054337,30.0473359084102,0.774018919000205,0.804855572952482,0.0308366539522776,1.14649043485373,1.1227240003582,-0.0237664344955322,95.0527091100169,0,-95.0527091100169,7.24273148265438,0,-7.24273148265438
"92",37.1724624633789,-81.9215698242188,16,4,3.47168870296752e-05,3.17451801167125e-05,-2.97170691296271e-06,0.283658185027021,0.285984179532616,0.0023259945055949,3.12870650006156,3.27786982772697,0.149163327665411,292.590264617665,284.806945800781,-7.78331881688331,2.17483788086349e-05,0,-2.17483788086349e-05,291.921563635947,292.241950639694,0.320387003747328,293.461022424384,295.088677535177,1.627655110793,913.813298434599,959.946690290788,46.1333918561887,0.827272674743176,0.900543736664062,0.0732710619208862,1.25377339713406,1.24219207798336,-0.0115813191507002,95.5933241196002,0,-95.5933241196002,7.0606253172432,0,-7.0606253172432
"93",37.1770553588867,-82.0567626953125,16,4,3.45977146816749e-05,2.82255885348344e-05,-6.37212614684049e-06,0.279054058289584,0.277276557155095,-0.00177750113448871,2.98774599825215,2.64206041841425,-0.345685579837897,292.815058537898,285.267883300781,-7.54717523711673,2.15898243909782e-05,0,-2.15898243909782e-05,292.188931066327,292.561518183717,0.372587117389855,293.744894013109,295.707878119584,1.96298410647574,952.188485408291,1010.34753314336,58.1590477350735,1.14030142768911,1.21643104651531,0.0761296188261948,1.10305034160058,1.16012592440813,0.0570755828075513,95.7324908272895,0,-95.7324908272895,6.93614139629819,0,-6.93614139629819
"94",37.1792945861816,-82.1243896484375,16,4,3.31242397844877e-05,2.70236042917498e-05,-6.10063549273785e-06,0.266732190571658,0.273993965034725,0.00726177446306742,2.46693316484109,2.49387450503488,0.026941340193789,293.17405119073,285.689514160156,-7.48453703057368,2.07248994981543e-05,0,-2.07248994981543e-05,292.432962171416,292.810094272749,0.377132101332336,294.104702702828,296.076470503927,1.97176780109839,985.826631737121,1043.13952178139,57.3128900442715,0.992820872459167,1.06730543038689,0.074484557927725,1.14614552927389,1.16293131595864,0.0167857866847492,96.2339906238294,0,-96.2339906238294,6.59387564523789,0,-6.59387564523789
"95",37.1815071105957,-82.1919860839844,16,4,3.17737540147181e-05,2.44628032180706e-05,-7.31095079664756e-06,0.258835513697855,0.26795408978411,0.0091185760862551,2.14657292406783,2.01430445858556,-0.132268465482272,293.350379583906,286.193206787109,-7.15717279679711,1.98057273799822e-05,0,-1.98057273799822e-05,292.632151175335,293.105603256619,0.473452081284677,294.421314670752,296.589489138676,2.16817446792385,1008.4680537236,1082.41474158044,73.9466878568386,0.734334398483299,0.82314355932303,0.0888091608397304,0.62156276957561,0.592207654631082,-0.0293551149445278,94.9635488276199,0,-94.9635488276199,6.26967269305315,0,-6.26967269305315
"96",37.1836814880371,-82.2595825195313,16,4,3.14463548955913e-05,2.44569181291647e-05,-6.98943676642661e-06,0.254577835039888,0.266110596787373,0.0115327617474854,2.03505491191505,1.96620357953585,-0.0688513323792028,293.620512861999,286.660278320312,-6.9602345416867,1.95052416561805e-05,0,-1.95052416561805e-05,292.935254988518,293.425582008301,0.490327019782285,294.763805995871,296.952480604794,2.18867460892295,1047.57892331671,1122.10343872539,74.5245154086813,1.03430762078177,1.07710592668443,0.0427983059026626,0.639520709370818,0.674028133214604,0.034507423843786,95.2235641254119,0,-95.2235641254119,6.12371456605125,0,-6.12371456605125
"97",37.1929168701172,-81.0397338867188,16,4,3.59724296318835e-05,4.10542267658218e-05,5.08179713393829e-06,0.345153833547956,0.324175739758684,-0.020978093789272,4.57847728077163,4.47948518981281,-0.0989920909588156,291.116533895733,282.896179199219,-8.22035469651456,2.2522116250259e-05,0,-2.2522116250259e-05,290.490778975498,290.60029617535,0.109517199852633,292.020441518128,292.596316578848,0.575875060720023,725.467466993966,729.58217143424,4.11470444027441,1.43284920277229,1.48414180345928,0.0512926006869856,0.183373487266986,0.0648137836299232,-0.118559703637063,95.1509194122467,0,-95.1509194122467,7.67214840810543,0,-7.67214840810543
"98",37.1984481811523,-81.1748962402344,16,4,3.3430796309789e-05,2.74515820332407e-05,-5.97921427654832e-06,0.283333106901916,0.284157102201011,0.000823995299094771,4.13011217524863,4.42326919033996,0.293157015091334,291.001769074176,282.764373779297,-8.23739529487943,2.14758696478906e-05,0,-2.14758696478906e-05,290.296762155048,290.638277452824,0.341515297776823,292.052024505816,293.725338297975,1.67331379215892,723.623424238285,767.894540172786,44.2711159345001,1.29211542484275,1.41653425471121,0.124418829868463,0.976925195013184,0.979938028949926,0.00301283393674268,94.1979444850921,0,-94.1979444850921,7.3913186158002,0,-7.3913186158002
"99",37.2011642456055,-81.2424926757813,16,4,3.29414410130594e-05,2.63828176022256e-05,-6.55862341083388e-06,0.284581121799412,0.283960086803367,-0.000621034996045211,4.25876300355308,4.64911473918165,0.390351735628569,290.622841233139,282.625366210938,-7.99747502220174,2.10624586944687e-05,0,-2.10624586944687e-05,289.9697950627,290.315650759292,0.345855696591457,291.757804852948,293.449111286508,1.6913064335597,695.475556014698,740.211940464047,44.736384449349,1.56329859930192,1.69335574502338,0.13005714572146,0.522855695350653,0.545384013183252,0.0225283178325991,94.4185715298977,0,-94.4185715298977,7.30471848061324,0,-7.30471848061324
"100",37.2038345336914,-81.3100891113281,16,4,3.28948178055061e-05,2.57120754006253e-05,-7.18274240488077e-06,0.286756671096308,0.28238156376261,-0.00437510733369811,4.70156927190275,4.03618005605844,-0.66538921584431,290.730277587282,282.554779052734,-8.17549853454773,2.0993386869985e-05,0,-2.0993386869985e-05,289.971541016429,290.263812640521,0.292271624091939,291.672272108831,293.448877381795,1.77660527296371,702.130448395121,741.62541831501,39.4949699198893,1.69561575261257,1.84393755213943,0.148321799526866,0.494897002229828,0.552104961006526,0.0572079587766983,94.6328204611065,0,-94.6328204611065,7.33476769806642,0,-7.33476769806642
"101",37.206485748291,-81.377685546875,16,4,3.50221151739633e-05,3.82798668577137e-05,3.25775168375043e-06,0.341467989388789,0.3196805121398,-0.0217874772489888,4.220474626264,3.84495248550024,-0.375522140763764,290.654536468142,282.467712402344,-8.18682406579808,2.08486127138167e-05,0,-2.08486127138167e-05,289.869773795474,289.907655139697,0.0378813442225692,291.193078955022,292.039328394654,0.846249439632686,698.938271072594,695.119320284243,-3.81895078835043,1.24966591939628,1.32910359403823,0.079437674641951,1.45331785371017,1.5111235865012,0.0578057327910271,95.320313746669,0,-95.320313746669,7.36489102799357,0,-7.36489102799357
"102",37.2090797424316,-81.4452819824219,16,4,3.43624566582669e-05,3.7052282611709e-05,2.6898259534421e-06,0.335214769137761,0.316654392447636,-0.0185603766901246,3.80745901613154,3.62763707250611,-0.179821943625426,290.658158106547,282.679901123047,-7.97825698349982,2.09462014829868e-05,0,-2.09462014829868e-05,289.837542620294,289.941420120639,0.103877500344254,291.330300307855,292.200154529128,0.869854221272647,691.311409095229,696.891017874569,5.57960877933954,1.17384325957095,1.21441974801011,0.0405764884391659,1.10219115965186,1.14193449169252,0.0397433320406633,96.1074631706982,0,-96.1074631706982,7.31565507765996,0,-7.31565507765996
"103",37.2116584777832,-81.5129089355469,16,4,3.50320838442703e-05,3.19966004751048e-05,-3.03548336916548e-06,0.293713799020707,0.288610715755968,-0.00510308326473857,3.48965773623214,3.34184720781114,-0.147810528420994,291.586912954153,283.533203125,-8.05370982915287,2.15141811832069e-05,0,-2.15141811832069e-05,290.899627185704,291.129225497444,0.229598311739551,292.339816788369,293.829851242535,1.49003445416639,805.385612342293,834.16881817804,28.7832058357466,0.545642483562497,0.496149687883363,-0.049492795679134,1.30556079406664,1.35229560239775,0.0467348083311123,95.0483759143094,0,-95.0483759143094,7.21054330631926,0,-7.21054330631926
"104",37.2141990661621,-81.5805053710938,16,4,3.45592223000102e-05,3.04028508973193e-05,-4.15637140269085e-06,0.283434676428574,0.28359124396054,0.000156567531966301,3.07331572231065,2.99453207570263,-0.0787836466080103,292.2938488537,284.395965576172,-7.89788327752768,2.17635891830885e-05,0,-2.17635891830885e-05,291.732496150558,292.11820887993,0.385712729371335,293.337143028549,295.08083784264,1.7436948140915,891.731024267574,944.59664148081,52.8656172132363,0.93418184308467,0.985687899561286,0.0515060564766159,1.46489351536696,1.52575837237357,0.0608648570066133,94.792362497379,0,-94.792362497379,7.04474114209582,0,-7.04474114209582
"105",37.2166938781738,-81.6481323242188,16,4,3.44961009453956e-05,3.09222652359184e-05,-3.57383570947723e-06,0.281306098560984,0.283703019052946,0.00239692049196166,2.9952152610844,3.0636978923765,0.0684826312920985,292.614155534877,284.577728271484,-8.03642726339268,2.18450612023638e-05,0,-2.18450612023638e-05,291.917384096879,292.251494807155,0.334110710275752,293.541591134257,295.201214839751,1.65962370549397,916.125679089518,963.48435239596,47.3586733064419,1.62956189679252,1.76391508320633,0.134353186413815,1.05244006322027,1.0432552202776,-0.00918484294267419,95.7257618128216,0,-95.7257618128216,7.05614258721404,0,-7.05614258721404
"106",37.2191505432129,-81.7157592773438,16,4,3.46635702529362e-05,3.27706454565996e-05,-1.8929247963366e-06,0.292319481843213,0.290099525132122,-0.00221995671109115,3.40460082812187,3.46798151782435,0.0633806897024822,291.475314071897,283.595336914062,-7.87997715783456,2.11975572882294e-05,0,-2.11975572882294e-05,290.75977737674,290.928762676666,0.168985299926533,292.230926282766,293.581110566669,1.35018428390254,798.855495877225,817.957863278645,19.1023674014207,1.74997191570758,1.90729600663518,0.157324090927596,0.933825016902895,0.9334211435422,-0.000403873360695473,96.4687736199783,0,-96.4687736199783,7.17980182547252,0,-7.17980182547252
"107",37.2215728759766,-81.7833862304688,16,4,3.45130311551281e-05,3.20930332394258e-05,-2.41999791570228e-06,0.293909662024304,0.28908925701131,-0.00482040501299308,3.50540274432582,3.39004347059462,-0.115359273731199,291.38078520267,283.601745605469,-7.77903959720146,2.1100139760081e-05,0,-2.1100139760081e-05,290.643020284883,290.824770413494,0.181750128611725,292.085525458365,293.477689392948,1.39216393458372,782.931946713925,804.638104193499,21.7061574795744,0.74725999839463,0.81443349285746,0.0671734944628296,1.05236331854697,1.03308433489489,-0.019278983652081,95.8326265967007,0,-95.8326265967007,7.19659828745153,0,-7.19659828745153
"108",37.2239646911621,-81.8510131835938,16,4,3.46452261058887e-05,3.05882415122014e-05,-4.05698459368732e-06,0.286917139948985,0.283855523266799,-0.00306161668218602,3.19168098971375,3.01369133158627,-0.177989658127483,292.080024272368,284.400665283203,-7.67935898916483,2.15486834490708e-05,0,-2.15486834490708e-05,291.361172787974,291.694765220997,0.333592433022829,292.901746516595,294.553764790132,1.65201827353673,853.350001614473,900.890871527542,47.5408699130691,0.973022298842061,1.03105307179817,0.0580307729561064,0.94870259855105,0.95059553112459,0.0018929325735394,95.4191018040379,0,-95.4191018040379,7.1262723508377,0,-7.1262723508377
"109",37.2263069152832,-81.9186401367188,16,4,3.45767170944867e-05,3.03498474421282e-05,-4.22686965235851e-06,0.285537273210362,0.282052447574698,-0.00348482563566416,3.16829610889793,2.91866128872602,-0.24963482017191,292.384372063967,284.775970458984,-7.6084016049823,2.1455804115427e-05,0,-2.1455804115427e-05,291.737995801711,292.092490499292,0.354494697580321,293.238643234006,295.055191124252,1.816547890246,895.965954674387,948.343080272728,52.3771255983405,0.689422806889798,0.769444399924504,0.0800215930347057,0.861902168056052,0.8722667666603,0.0103645986042484,94.41144548319,0,-94.41144548319,7.03578277788154,0,-7.03578277788154
"110",37.2286376953125,-81.9862976074219,16,4,3.51703293175377e-05,3.11697710372471e-05,-4.00055828029059e-06,0.28700227495326,0.284032676297324,-0.0029695986559356,3.1963887255416,3.05945959254208,-0.136929132999518,292.783709683112,285.391265869141,-7.39244381397117,2.23205173145029e-05,0,-2.23205173145029e-05,292.181256463185,292.622283946413,0.441027483227856,293.7238124734,295.525260839722,1.80144836632235,941.518437054843,1007.24184083425,65.7234037794115,0.9156150003204,1.02468783097554,0.109072830655136,0.695259992415277,0.692833162105002,-0.00242683031027457,95.2370359065037,0,-95.2370359065037,7.19728187580959,0,-7.19728187580959
"111",37.2309150695801,-82.0539245605469,16,4,3.46519406297164e-05,2.93057842650224e-05,-5.34615636469401e-06,0.27974576552647,0.278611592825742,-0.00113417270072885,2.98237873142601,2.78067007227841,-0.201708659147605,293.038397920923,285.792358398438,-7.24603952248577,2.19995102708529e-05,0,-2.19995102708529e-05,292.411433560326,292.896251567768,0.484818007442186,293.996717189838,295.966585995656,1.96986880581721,971.375046969903,1045.51370543036,74.1386584604519,0.891998190149925,1.00449762338218,0.11249943323225,0.781341297905774,0.79866727666755,0.0173259787617758,95.1304605313233,0,-95.1304605313233,6.98726329400317,0,-6.98726329400317
"112",37.2331619262695,-82.12158203125,16,4,3.39233398579266e-05,2.73404567153528e-05,-6.5828831425738e-06,0.272504563857376,0.273861343197913,0.00135677934053718,2.70672190087473,2.46364130525507,-0.243080595619658,293.102981521202,285.84814453125,-7.25483698995168,2.13337560754822e-05,0,-2.13337560754822e-05,292.360871350148,292.753934284663,0.393062934515513,293.979669859894,295.982822613124,2.00315275322993,973.728943962417,1036.21344640631,62.4845024438965,1.32665051805961,1.41312444380358,0.0864739257439751,0.616480325454863,0.659501552615839,0.0430212271609767,95.6898189577477,0,-95.6898189577477,6.78564201904396,0,-6.78564201904396
"113",37.2375450134277,-82.2568969726563,16,4,3.10450736094332e-05,2.46158285909683e-05,-6.42924501846495e-06,0.254046917995625,0.26716534328926,0.0131184252936347,1.92780703764695,2.0213237868415,0.0935167491945446,293.395534418265,286.582092285156,-6.81344213310842,1.91083286838844e-05,0,-1.91083286838844e-05,292.622109376304,293.039613734281,0.417504357977577,294.480999947104,296.52229295771,2.04129301060635,1010.76378107002,1073.48192132942,62.7181402593975,0.735299565831719,0.736621067204383,0.00132150137266451,0.435823392723315,0.439160934289027,0.00333754156571253,95.4698309988713,0,-95.4698309988713,6.08667308195181,0,-6.08667308195181
"114",37.2439193725586,-80.9685668945313,16,4,3.37701105048271e-05,2.84457278674198e-05,-5.3243826374072e-06,0.284089403145728,0.286880735345072,0.00279133219934452,4.35770708882911,4.99103275527302,0.633325666443914,291.114740962211,282.609741210938,-8.50499975127389,2.1736806925852e-05,0,-2.1736806925852e-05,290.473770818019,290.797045060657,0.323274242638149,292.265762456779,293.851146638913,1.58538418213453,731.169388258586,773.144705109142,41.9753168505556,1.23982880324405,1.30694462340379,0.0671158201597442,0.41642908248111,0.288375953773374,-0.128053128707736,95.3355304945481,0,-95.3355304945481,7.49482631387899,0,-7.49482631387899
"115",37.2467498779297,-81.0361938476563,16,4,3.32502076793815e-05,2.83129788522037e-05,-4.93722882717785e-06,0.282598002973094,0.287460060994784,0.00486205802168926,4.15738391468668,4.81420128977197,0.656817375085293,291.043656837989,282.701416015625,-8.34224082236403,2.15106315964776e-05,0,-2.15106315964776e-05,290.398431504603,290.714696002979,0.316264498375972,292.165772568273,293.70733721901,1.54156465073675,725.413310161638,764.920391536769,39.5070813751313,0.338974534132625,0.387155373572795,0.0481808394401703,0.210367304516806,0.133750319702136,-0.0766169848146704,94.2217592758892,0,-94.2217592758892,7.37769106305774,0,-7.37769106305774
"116",37.2495384216309,-81.1038208007813,16,4,3.36630477504744e-05,2.7449237981863e-05,-6.21380976861133e-06,0.284538628244652,0.284616513529589,7.78852849376288e-05,4.2508003202259,4.39694310049725,0.146142780271351,291.087594886469,282.827850341797,-8.25974454467189,2.18554928080464e-05,0,-2.18554928080464e-05,290.382118522558,290.741968992619,0.359850470060906,292.222552089817,293.905863094483,1.68331100466582,725.80264874623,772.552497444439,46.7498486982084,1.17821084010251,1.28264144540406,0.104430605301543,0.537265401079258,0.511290175129321,-0.0259752259499368,94.5753490164861,0,-94.5753490164861,7.47056489789307,0,-7.47056489789307
"117",37.2522811889648,-81.1714477539063,16,4,3.33692714071214e-05,2.71357863868808e-05,-6.23348502024056e-06,0.28308024967329,0.28507422175718,0.00199397208388957,4.14475846086812,4.58389170557006,0.43913324470194,290.949137498374,282.773101806641,-8.17603569173377,2.15379725411932e-05,0,-2.15379725411932e-05,290.212387055079,290.561385220091,0.348998165011778,292.033354498599,293.725826753084,1.69247225448498,713.642304234521,759.113588291952,45.4712840574308,1.31293518679732,1.43580745438219,0.122872267584871,0.426128444387856,0.43499796500281,0.00886952061495322,94.8221350280982,0,-94.8221350280982,7.39867241254737,0,-7.39867241254737
"118",37.2550048828125,-81.2391052246094,16,4,3.53935051643804e-05,4.09508892186264e-05,5.55738405424604e-06,0.337365310373193,0.323937773782125,-0.0134275365910678,4.09948326176048,4.64894631377652,0.549463052016038,291.014622614098,283.035461425781,-7.97916118831677,2.18135247505836e-05,0,-2.18135247505836e-05,290.365463251403,290.450162993858,0.0846997424549158,291.827946466463,292.391673515419,0.563727048955741,731.113519651267,729.408586598802,-1.70493305246555,1.02875255561559,1.09341581973539,0.0646632641197979,1.1264584932508,1.10549494334432,-0.0209635499064729,94.472675260417,0,-94.472675260417,7.43397568549728,0,-7.43397568549728
"119",37.2576789855957,-81.3067321777344,16,4,3.56249264334735e-05,4.00544821766538e-05,4.42955574318029e-06,0.333402920792233,0.320374070793571,-0.0130288499986624,3.8175670591175,4.26277339152801,0.445206332410503,291.224386363601,283.370697021484,-7.85368934211641,2.20474464532278e-05,0,-2.20474464532278e-05,290.650845612371,290.828674123532,0.177828511161181,292.130431944182,292.841519242189,0.711087298006987,763.999093651413,775.406990751068,11.4078970996553,1.31567843211898,1.43397588009926,0.118297447980284,1.10798901233556,1.13329584399349,0.0253068316579255,94.5022214374148,0,-94.5022214374148,7.40283740128349,0,-7.40283740128349
"120",37.2603302001953,-81.3743896484375,16,4,3.58880925185777e-05,3.79990120126861e-05,2.11091949410842e-06,0.338379952521358,0.316520776608931,-0.021859175912427,4.09371316534841,3.77054806244679,-0.323165102901622,291.109251364962,283.211059570312,-7.89819179464962,2.20247987905578e-05,0,-2.20247987905578e-05,290.467299021456,290.631282633217,0.163983611761751,291.898439507521,292.794448958484,0.896009450963049,749.94356029935,764.994292509511,15.0507322101618,1.41283374906187,1.53899904888887,0.126165299826992,0.951847055125297,1.05401810166244,0.102171046537148,95.1389580570282,0,-95.1389580570282,7.49679114631327,0,-7.49679114631327
"121",37.2629356384277,-81.4420471191406,16,4,3.4985428760178e-05,3.37790088946506e-05,-1.20641986552742e-06,0.293062704867483,0.292857384511785,-0.000205320355697758,3.5072895848853,3.70348706204667,0.196197477161375,291.506191248908,283.347137451172,-8.15905379773631,2.11899693281932e-05,0,-2.11899693281932e-05,290.803932025591,290.976675062433,0.172743036841666,292.20703600394,293.520872963988,1.31383696004804,798.538606689909,818.57954141786,20.0409347279511,0.984253167684356,1.00688760256172,0.0226344348773668,1.40329797660747,1.47246655071909,0.0691685741116195,95.3100118883012,0,-95.3100118883012,7.15372227449736,0,-7.15372227449736
"122",37.265510559082,-81.5097045898438,16,4,3.47785050428015e-05,3.29294004929444e-05,-1.84910454985713e-06,0.289879138854203,0.289645904889677,-0.000233233964526014,3.32089468149038,3.51413869450235,0.193244013011965,291.882166268415,283.90283203125,-7.97933423716506,2.15314807476187e-05,0,-2.15314807476187e-05,291.223041009453,291.502137099761,0.279096090307632,292.700916439014,294.136285584572,1.43536914555824,840.776045762061,876.558462264025,35.7824165019646,0.951549803436556,0.9457332397373,-0.00581656369925609,1.37451920903922,1.46234764390429,0.0878284348650646,94.5436858757946,0,-94.5436858757946,7.12829176995367,0,-7.12829176995367
"123",37.2680397033691,-81.5773620605469,16,4,3.46551378102573e-05,3.12588339477482e-05,-3.39630386250905e-06,0.286713704878014,0.28521107117373,-0.00150263370428411,3.19850787138328,3.19549867841932,-0.00300919296395064,292.259607636634,284.528930664062,-7.73067697257108,2.18720951894996e-05,0,-2.18720951894996e-05,291.74141283054,292.165848965447,0.424436134907467,293.305585223159,295.00444702018,1.6988617970211,890.182569728416,948.368462065132,58.1858923367162,0.787769478098619,0.873079993524779,0.0853105154261596,0.953000098002994,0.988888687406775,0.0358885894037808,93.9428844393327,0,-93.9428844393327,7.08411555723081,0,-7.08411555723081
"124",37.2705421447754,-81.64501953125,16,4,3.41420349268484e-05,2.87575043572125e-05,-5.38453056963589e-06,0.277983142745804,0.277962711214414,-2.04315313893089e-05,2.84613430398142,2.69431313082703,-0.151821173154391,292.804996690823,285.007232666016,-7.79776402480752,2.15534561791735e-05,0,-2.15534561791735e-05,292.224946774345,292.732709681243,0.507762906898165,293.861340914457,295.817826857659,1.95648594320255,948.756645944563,1024.22833104916,75.4716851045957,0.962632366266844,1.17548366703003,0.212851300763187,0.854265514141635,0.866680864979105,0.0124153508374697,94.5226117966145,0,-94.5226117966145,6.88988031039503,0,-6.88988031039503
"125",37.2729988098145,-81.7126770019531,16,4,3.50339283259859e-05,2.96675086211786e-05,-5.36641970480735e-06,0.279840539986338,0.279242114531855,-0.000598425454482798,3.03218441335564,2.79586817260481,-0.236316240750826,292.89870223741,284.68994140625,-8.20876083115951,2.19730367336347e-05,0,-2.19730367336347e-05,292.204539674742,292.493990639552,0.289450964809703,293.600726398769,295.469049742707,1.86832334393813,963.931978777502,1006.95357102245,43.0215922449526,1.7445840805547,1.90098666647495,0.156402585920257,1.21021768304835,1.23640498108332,0.0261872980349704,96.5682426557563,0,-96.5682426557563,7.04529707908872,0,-7.04529707908872
"126",37.2754249572754,-81.7803649902344,16,4,3.58923174513189e-05,3.29608118027392e-05,-2.93150564857971e-06,0.293301019684284,0.287583625350975,-0.00571739433330953,3.45300957280346,3.36302174462212,-0.0899878281813402,292.056686040068,284.045379638672,-8.01130640139587,2.18718497957341e-05,0,-2.18718497957341e-05,291.295054306185,291.469377503778,0.174323197592798,292.606115109262,294.111239511559,1.50512440229659,858.983796835694,881.983543712038,22.9997468763447,1.39854243720196,1.49805303978342,0.0995106025814563,1.36295680329081,1.42180783780558,0.0588510345147659,96.5182224329611,0,-96.5182224329611,7.35006743695748,0,-7.35006743695748
"127",37.2778167724609,-81.8480224609375,16,4,3.53030498075538e-05,3.15870590328466e-05,-3.71599077470725e-06,0.289849387471529,0.284236387240069,-0.00561300023146022,3.27112497835078,3.06306610759507,-0.208058870755709,292.283251973771,284.483947753906,-7.79930421986444,2.1970149344352e-05,0,-2.1970149344352e-05,291.550058977108,291.825443837616,0.275384860508211,292.98141616949,294.641621040071,1.66020487058159,878.577531937699,918.31931221592,39.7417802782207,0.995719231766938,1.0732024717234,0.0774832399564612,1.15290617165998,1.14255572260656,-0.0103504490534243,95.3909536752126,0,-95.3909536752126,7.24568181761715,0,-7.24568181761715
"128",37.2801666259766,-81.9157104492188,16,4,3.48759100807959e-05,3.03388324062536e-05,-4.53707767454233e-06,0.284335212761134,0.280747578260985,-0.0035876345001486,3.01868300967746,2.83000175769512,-0.188681251982338,292.605727652288,284.953338623047,-7.65238902924091,2.18621717159346e-05,0,-2.18621717159346e-05,291.892238003685,292.243385775394,0.35114777170935,293.423268105437,295.214259721682,1.79099161624487,912.827064258014,965.700961356463,52.8738970984487,0.785426391234793,0.87470383611584,0.0892774448810466,0.987783612497471,0.959366686574149,-0.0284169259233225,95.0444680462156,0,-95.0444680462156,7.10962190654378,0,-7.10962190654378
"129",37.2824859619141,-81.9833984375,16,4,3.4706533962606e-05,3.10309805828521e-05,-3.67555337975391e-06,0.282194260580113,0.282873084719906,0.000678824139793754,2.96744375962477,3.06043541737092,0.0929916577461438,292.776189466208,285.327697753906,-7.44849171230157,2.18836166959366e-05,0,-2.18836166959366e-05,292.06308942336,292.455708606103,0.39261918274218,293.669819689739,295.399018996505,1.72919930676579,931.539652736938,987.863133265389,56.3234805284508,1.04781674269625,1.14462977238923,0.0968130296929857,0.676981913338236,0.659138556805029,-0.0178433565332073,95.4225904443364,0,-95.4225904443364,7.04477551126631,0,-7.04477551126631
"130",37.2847747802734,-82.0510864257813,16,4,3.51542924277532e-05,3.06307831668511e-05,-4.5235092609021e-06,0.281939736838196,0.281134828227428,-0.000804908610767596,3.01904206398206,2.9647311430711,-0.0543109209109578,293.214443278096,285.7978515625,-7.41659171559621,2.21582463385828e-05,0,-2.21582463385828e-05,292.526014135468,292.876971869106,0.35095773363787,293.991624014136,295.800714374289,1.80909036015288,988.006923650534,1041.92907277057,53.9221491200337,0.730497349112834,0.810914711718988,0.0804173626061536,1.0034744669431,0.976197634687218,-0.0272768322558817,94.6969947357932,0,-94.6969947357932,7.04622180085946,0,-7.04622180085946
"131",37.2870216369629,-82.1187744140625,16,4,3.40567321346553e-05,2.82245464025954e-05,-5.83218573205991e-06,0.270140558967355,0.27390160800142,0.00376104903406566,2.62100622389052,2.52546312870123,-0.0955430951892819,293.747806325637,286.672454833984,-7.07535149165273,2.13378023097086e-05,0,-2.13378023097086e-05,293.161388259353,293.684091577161,0.522703317808975,294.723865092724,296.857835511243,2.13397041851886,1066.18110241338,1149.9764001786,83.7952977652226,1.23041673337923,1.32590663216427,0.0954898987850399,1.00471751900857,0.984049548457103,-0.0206679705514674,94.5947301544041,0,-94.5947301544041,6.63523828770812,0,-6.63523828770812
"132",37.2892265319824,-82.1864624023438,16,4,3.41265081256158e-05,2.69567174186995e-05,-7.16979070691628e-06,0.272037982605749,0.27301690746573,0.000978924859980412,2.71871235839322,2.38325676551232,-0.335455592880901,293.37248784969,286.288787841797,-7.08370000789319,2.12219865360161e-05,0,-2.12219865360161e-05,292.603400921936,292.953569284215,0.350168362278396,294.129605921303,296.201172353111,2.07156643180713,1006.67645439258,1065.41903589041,58.7425814978368,1.34794470174216,1.43987361836472,0.0919289166225579,0.945121364279294,0.961872688269315,0.0167513239900214,95.557870115951,0,-95.557870115951,6.72828019632995,0,-6.72828019632995
"133",37.2914009094238,-82.2541809082031,16,4,3.25595033325318e-05,2.46157185582967e-05,-7.9437847742351e-06,0.260147213130707,0.267386933278643,0.00723972014793672,2.18824966137226,2.01088100824601,-0.177368653126252,293.543343626691,286.629486083984,-6.91385754270658,2.00265282077219e-05,0,-2.00265282077219e-05,292.732429073823,293.071911100605,0.339482026781866,294.387191688248,296.491279883212,2.10408819496411,1025.28298357898,1081.15163585178,55.868652272801,0.892143082667516,0.874350285633938,-0.0177927970335781,0.920276075722936,0.942925258396569,0.0226491826736333,95.5853212400303,0,-95.5853212400303,6.34299328270454,0,-6.34299328270454
"134",37.2948951721191,-80.8973388671875,16,4,3.58717688058229e-05,3.68306706143641e-05,9.589018085412e-07,0.304053165840948,0.299082736746843,-0.00497042909410472,4.61644526017018,4.79653111074725,0.180085850577069,291.641074331541,282.807098388672,-8.83397594286873,2.26765465690447e-05,0,-2.26765465690447e-05,291.046422316253,291.224334991167,0.177912674914523,292.515302166727,293.587520157249,1.07221799052144,799.262098455342,813.169854808793,13.9077563534507,1.38732143890852,1.51615582940427,0.128834390495745,1.60241504651392,1.53547967168243,-0.0669353748314838,96.5335473561305,0,-96.5335473561305,7.62210335808436,0,-7.62210335808436
"135",37.2977523803711,-80.9649963378906,16,4,3.36765968010353e-05,2.81105438166396e-05,-5.56605298439572e-06,0.288369867355109,0.287940547764911,-0.000429319590197486,4.76696312733186,5.09962410397,0.332660976638142,290.851555801019,282.040191650391,-8.81136415062883,2.14820783616604e-05,0,-2.14820783616604e-05,290.123026126089,290.330379774716,0.207353648626679,291.823605660168,293.377115609235,1.55350994906729,710.643337479828,735.037420120825,24.3940826409976,1.67795836142094,1.7732265872701,0.0952682258491595,0.53845327237246,0.510742527082188,-0.0277107452902723,96.2385082648984,0,-96.2385082648984,7.51480752738577,0,-7.51480752738577
"136",37.3005867004395,-81.0326538085938,16,4,3.59002517703542e-05,4.19076611671065e-05,6.00740939675235e-06,0.345013848519344,0.326321281073557,-0.0186925674457875,4.62576479381985,4.96749182644053,0.341727032620683,291.026177888327,282.539398193359,-8.4867796949672,2.21039860281844e-05,0,-2.21039860281844e-05,290.379084680308,290.446710245283,0.0676255649745485,291.836848865609,292.322651742722,0.48580287711269,729.873290735962,725.238908062766,-4.63438267319646,0.6558870624754,0.699645227231482,0.0437581647560821,1.20604480549676,1.16961963538091,-0.0364251701158551,95.0682573406716,0,-95.0682573406716,7.61534770031522,0,-7.61534770031522
"137",37.3033752441406,-81.100341796875,16,4,3.57456208281384e-05,4.11701057770662e-05,5.4244849489278e-06,0.344185347265093,0.325697175284308,-0.0184881719807851,4.62068899268778,4.68338778487638,0.0626987921885958,291.030442933118,282.817352294922,-8.21309063819587,2.2369107169571e-05,0,-2.2369107169571e-05,290.381594589475,290.472663970399,0.0910693809233294,291.938216763755,292.459443926153,0.521227162398361,726.445844549625,724.720800886089,-1.72504366353587,1.37078266547575,1.46415567407774,0.0933730086019862,0.853071581065998,0.825562883306605,-0.0275086977593929,94.6977659393727,0,-94.6977659393727,7.59829107582392,0,-7.59829107582392
"138",37.3061294555664,-81.1680297851563,16,4,3.56574274143591e-05,3.92781078895338e-05,3.62068047517477e-06,0.34699264841772,0.320892380611188,-0.026100267806532,4.66581396771292,4.17721789107363,-0.48859607663929,290.864806373709,282.869201660156,-7.99560471355267,2.21416173369468e-05,0,-2.21416173369468e-05,290.191819451597,290.369332814569,0.177513362972149,291.763626900011,292.536211975109,0.772585075097254,708.108764088747,719.905950764349,11.7971866756018,1.20189228201656,1.28809094034479,0.0861986583282273,0.843237404960194,0.820052835888229,-0.0231845690719649,94.5478834038873,0,-94.5478834038873,7.60369841142983,0,-7.60369841142983
"139",37.3088417053223,-81.2357177734375,16,4,3.51433514763423e-05,3.91538871951384e-05,4.01053571879611e-06,0.342362680635419,0.321047052940679,-0.0213156276947401,4.30229767367371,4.17827668149247,-0.124020992181239,290.793999159699,282.935821533203,-7.85817762649589,2.17519407339993e-05,0,-2.17519407339993e-05,290.130026886763,290.272794158811,0.142767272047365,291.651307122148,292.370620417854,0.719313295706343,706.495941654884,713.293464741901,6.79752308701688,0.956346781382602,1.02847388835973,0.0721271069771289,0.500768563004791,0.501770311618007,0.00100174861321678,94.6028203482738,0,-94.6028203482738,7.49089687542109,0,-7.49089687542109
"140",37.3115234375,-81.3034057617188,16,4,3.52873875987857e-05,3.95721633608903e-05,4.28477576210461e-06,0.335911588696572,0.319954246232173,-0.0159573424643992,3.83355289035373,4.1214788877047,0.28792599735097,291.096683756873,283.336669921875,-7.76001383499761,2.18949930563867e-05,0,-2.18949930563867e-05,290.488817027185,290.687912321439,0.199095294253596,291.997941427178,292.786512519194,0.788571092015786,745.638355231806,759.640441515953,14.0020862841474,1.14957358927131,1.25302775573623,0.103454166464914,0.556361056834774,0.556576320279685,0.000215263444910629,94.3347814969127,0,-94.3347814969127,7.41725670714829,0,-7.41725670714829
"141",37.3141632080078,-81.37109375,16,4,3.50052971311937e-05,3.55277993635614e-05,5.22502232367713e-07,0.304973915014373,0.299864909617777,-0.00510900539659576,4.16982830080212,4.38364294655303,0.21381464575091,291.126483272738,283.197113037109,-7.92937023562854,2.1461649301052e-05,0,-2.1461649301052e-05,290.445181329288,290.631208672777,0.186027343489229,291.860038554942,292.951479818933,1.09144126399036,749.159346068147,767.441923716399,18.2825776482517,0.828917327181435,0.872993226795902,0.0440758996144671,0.699773161878316,0.69876795261317,-0.00100520926514669,94.5393118783029,0,-94.5393118783029,7.37014055641947,0,-7.37014055641947
"142",37.3167686462402,-81.4387817382813,16,4,3.53158580497474e-05,3.32748038859339e-05,-2.04105416381348e-06,0.287606578911854,0.288471674085332,0.000865095173477493,3.26523616171291,3.49766924442389,0.232433082710983,292.415961250793,284.426513671875,-7.9894475789178,2.18612564337694e-05,0,-2.18612564337694e-05,291.906643088356,292.286923520396,0.380280432039797,293.279322095331,294.897785509356,1.61846341402565,913.923346001043,962.334178320046,48.4108323190038,0.680592719628055,0.704136655717609,0.0235439360895544,1.21179525347261,1.29688025755813,0.0850850040855267,94.291342066667,0,-94.291342066667,7.08873935963196,0,-7.08873935963196
"143",37.3193550109863,-81.5064697265625,16,4,3.45924907046884e-05,3.08058736185206e-05,-3.78661708616779e-06,0.283009420375351,0.28349869244115,0.000489272065798907,3.05118721366948,3.04079344333746,-0.0103937703320107,292.43633064486,284.511322021484,-7.92500862337545,2.15486619376482e-05,0,-2.15486619376482e-05,291.882846000336,292.280025091675,0.397179091339581,293.37175477313,295.141674707979,1.76991993484916,912.740500786525,968.18768284822,55.4471820616952,1.10483562043391,1.20875424130369,0.103918620869782,1.02851241933384,1.09693989608463,0.0684274767507944,94.5964704986217,0,-94.5964704986217,6.97836046139843,0,-6.97836046139843
"144",37.3218841552734,-81.5741882324219,16,4,3.47769725424555e-05,3.14817512239466e-05,-3.29522131850888e-06,0.28441828228195,0.284771439946163,0.000353157664212289,3.08931218253242,3.18245881235498,0.0931466298225598,292.409521590863,284.540344238281,-7.86917735258203,2.19089833437438e-05,0,-2.19089833437438e-05,291.76477202364,292.13894806533,0.37417604168985,293.302160218578,294.993672598251,1.69151237967259,897.797826366935,947.671470652596,49.873644285661,0.89964663582201,1.00465617611832,0.105009540296314,1.00627976966878,0.989819865696195,-0.0164599039725842,94.9037653959857,0,-94.9037653959857,7.07708690881988,0,-7.07708690881988
"145",37.3243827819824,-81.6419067382813,16,4,3.44773186644637e-05,3.01722499778926e-05,-4.30506868657106e-06,0.282349606401899,0.28198401253947,-0.000365593862428515,3.00025533203386,2.86607036835108,-0.134184963682778,292.482829822814,284.773468017578,-7.70936180523586,2.19764869292395e-05,0,-2.19764869292395e-05,291.872688781075,292.307714923073,0.435026141997412,293.503704987197,295.265444926187,1.76173993898959,908.459768605425,969.818888719832,61.3591201144061,0.586648344079005,0.737353026219395,0.150704682140391,0.580465321833092,0.524224472642839,-0.0562408491902527,94.4445155124872,0,-94.4445155124872,7.04230708897438,0,-7.04230708897438
"146",37.3268432617188,-81.7095947265625,16,4,3.43413375624107e-05,2.92787673131857e-05,-5.06257024922495e-06,0.277730652280198,0.277469179758334,-0.000261472521864758,2.85090117169242,2.68239511180128,-0.168506059891138,292.830482465253,285.171691894531,-7.65879057072141,2.18738310435179e-05,0,-2.18738310435179e-05,292.265730396208,292.787183601661,0.521453205452985,293.883556592119,295.855963295585,1.97240670346611,956.689835679986,1033.07248264898,76.382646968994,0.972515640753993,1.14667997694047,0.174164336186473,0.448266309704299,0.471076265458381,0.0228099557540813,95.1913305873896,0,-95.1913305873896,6.93363892343389,0,-6.93363892343389
"147",37.3292808532715,-81.77734375,16,4,3.42992215428506e-05,2.84664996986711e-05,-5.83272184417955e-06,0.274554862462559,0.274779459495725,0.000224597033166962,2.66989438146607,2.4982365176209,-0.171657863845173,292.911850385783,285.088043212891,-7.82380717289243,2.14823433960369e-05,0,-2.14823433960369e-05,292.32975363464,292.750979012817,0.421225378176757,293.861343902648,295.856332190461,1.99498828781316,972.700107020386,1035.57033204315,62.870225022765,0.978086763062963,1.09928864264066,0.121201879577699,1.0242855537598,1.06861183550277,0.0443262817429668,94.9863000180669,0,-94.9863000180669,6.81485901833182,0,-6.81485901833182
"148",37.3316688537598,-81.8450317382813,16,4,3.54268984886961e-05,3.12941528221701e-05,-4.13274566652606e-06,0.279279293500063,0.280665669819045,0.00138637631898125,2.90320138849764,2.96696054018461,0.0637591516869702,293.019233560995,285.178924560547,-7.8403090004482,2.22376704159052e-05,0,-2.22376704159052e-05,292.377671263323,292.710757746738,0.333086483415286,293.841651540264,295.59250604875,1.75085450848673,977.3671315875,1025.2465280207,47.8793964331979,1.61598547431587,1.72033309619953,0.104347621883664,1.08631477269684,1.12882390936656,0.0425091366697194,96.207133571459,0,-96.207133571459,7.07326960924765,0,-7.07326960924765
"149",37.3340187072754,-81.9127807617188,16,4,3.45482366067687e-05,3.042543704967e-05,-4.12279955709868e-06,0.27542047943069,0.28055406470188,0.00513358527118996,2.70261741703392,2.88822719378349,0.18560977674957,292.922938301531,285.101470947266,-7.82146735426494,2.12761584880165e-05,0,-2.12761584880165e-05,292.179023898877,292.471019617875,0.291995718998294,293.701196198873,295.410430946235,1.70923474736122,953.598010486864,996.725007927418,43.1269974405546,0.984408477944007,1.06237750814715,0.0779690302031411,1.10907784629844,1.10878830996831,-0.000289536330126738,95.3596795124418,0,-95.3596795124418,6.87272435902802,0,-6.87272435902802
"150",37.3363456726074,-81.9804992675781,16,4,3.45020334461195e-05,3.00561603934544e-05,-4.44587305266506e-06,0.276012584156539,0.279539102700038,0.00352651854349939,2.75583162878314,2.84808227343437,0.0922506446512337,293.093778659467,285.435180664062,-7.65859799540425,2.16237066917017e-05,0,-2.16237066917017e-05,292.350381827766,292.68725652221,0.336874694443907,293.908638124091,295.689786808122,1.78114868403117,973.271957299472,1022.15764266282,48.8856853633503,1.12868502621462,1.24580510342138,0.117120077206762,1.02347543379711,1.00507803242288,-0.0183974013742367,95.3633862132018,0,-95.3633862132018,6.8871992538032,0,-6.8871992538032
"151",37.3386344909668,-82.0482482910156,16,4,3.44721163308019e-05,2.89645500844412e-05,-5.50756624636071e-06,0.275982208843781,0.277750264286852,0.00176805544307018,2.77122173146305,2.68274927546835,-0.0884724559946957,293.011724878508,285.563934326172,-7.4477905523359,2.14271149400865e-05,0,-2.14271149400865e-05,292.238853086499,292.570533148012,0.331680061512884,293.811580294622,295.648692034096,1.83711173947393,959.62429687639,1009.85275859131,50.2284617149245,1.09257994997935,1.18678130687428,0.0942013568949265,0.633608701193247,0.618756987810965,-0.0148517133822822,95.4553486898618,0,-95.4553486898618,6.86146960212311,0,-6.86146960212311
"152",37.340877532959,-82.115966796875,16,4,3.284992114098e-05,2.70253893521064e-05,-5.82453178887361e-06,0.266002503976966,0.272889137083692,0.00688663310672605,2.33996383145324,2.33094907418275,-0.00901475727048684,293.405705714621,286.189483642578,-7.2162220720424,2.03709779820463e-05,0,-2.03709779820463e-05,292.660720697518,293.039851616005,0.379130918486851,294.275977804501,296.260204823857,1.98422701935635,1011.78131243124,1071.4764999522,59.6951875209647,0.60976048292933,0.705996552500693,0.0962360695713629,0.443368869802871,0.402034158558471,-0.0413347112443996,94.2023633717745,0,-94.2023633717745,6.47160232199917,0,-6.47160232199917
"153",37.3430900573731,-82.1837158203125,16,4,3.2384228779881e-05,2.49741273560466e-05,-7.41010142383435e-06,0.258621532105882,0.266581917171331,0.00796038506544949,2.10133590861263,1.93854613181872,-0.162789776793912,294.102323521578,287.121704101562,-6.98061942001539,2.00956724960135e-05,0,-2.00956724960135e-05,293.407765985278,293.896993693114,0.489227707835482,295.060926815316,297.327686931222,2.26676011590615,1105.7878686045,1186.10644917239,80.3185805678986,1.12879927459517,1.23694877932082,0.108149504725656,0.81642541457664,0.849643580820019,0.0332181662433794,94.6557486394182,0,-94.6557486394182,6.24656153295354,0,-6.24656153295354
"154",37.3452644348145,-82.25146484375,16,4,3.22708011893273e-05,2.44020030984015e-05,-7.86879809092578e-06,0.254491770198645,0.265201585542743,0.0107098153440982,1.969116015312,1.82781987312513,-0.141296142186874,294.006093904517,287.071228027344,-6.93486587717285,1.9723161399584e-05,0,-1.9723161399584e-05,293.219843264935,293.604012311216,0.384169046280704,294.891551659713,297.08816450084,2.19661284112755,1090.59483291145,1153.07205055885,62.4772176473941,1.38648479337189,1.43848959375479,0.0520048003828995,0.989396804769741,1.03390432846437,0.0445075236946267,95.7985094892594,0,-95.7985094892594,6.1846265973444,0,-6.1846265973444
"155",37.345832824707,-80.8260192871094,16,4,3.61399101272295e-05,3.58166935998689e-05,-3.2321652736064e-07,0.305436237623827,0.296903944484265,-0.00853229313956178,4.80606909287282,4.69713288902217,-0.10893620385064,291.923268366225,283.178466796875,-8.74480156935005,2.30070245895945e-05,0,-2.30070245895945e-05,291.363211532791,291.611766943542,0.248555410750839,292.86282918834,294.090304159579,1.22747497123947,821.715461254894,848.857436647556,27.1419753926619,1.02618744590595,1.03949521712713,0.0133077712211802,0.370966089532762,0.240930309375606,-0.130035780157156,95.6240597881001,0,-95.6240597881001,7.63777505860757,0,-7.63777505860757
"156",37.3487319946289,-80.8937072753906,16,4,3.6038533109612e-05,4.04295973559056e-05,4.39106424629357e-06,0.339918790675948,0.319378692065166,-0.0205400986107819,4.63054860758985,4.52360363903209,-0.106944968557766,291.5546672292,282.909423828125,-8.64524340107494,2.26607421714523e-05,0,-2.26607421714523e-05,290.926480000397,291.095510218265,0.169030217868055,292.425591084251,293.218549905308,0.792958821056743,781.286947055605,790.363270319991,9.07632326438636,1.03538371968687,1.07913838511231,0.0437546654254362,0.778847360522801,0.754982836278574,-0.0238645242442272,95.185422028521,0,-95.185422028521,7.63000683352946,0,-7.63000683352946
"157",37.3515853881836,-80.96142578125,16,4,3.62572595856263e-05,4.20000195815323e-05,5.74275999590602e-06,0.338093735595997,0.324173188214707,-0.0139205473812901,4.36387039249779,4.79907331303654,0.435202920538747,291.67660165508,283.199493408203,-8.47710824687647,2.30726949507264e-05,0,-2.30726949507264e-05,291.145503762143,291.324591382831,0.179087620688108,292.648966743913,293.227564584366,0.578597840452971,806.178890291576,815.620143087074,9.44125279549769,1.2133428959273,1.2730330671767,0.0596901712493978,0.56716723890989,0.623396211930956,0.0562289730210667,95.7331601424583,0,-95.7331601424583,7.62932115543063,0,-7.62932115543063
"158",37.3544158935547,-81.0291442871094,16,4,3.55762432038164e-05,4.15699672135493e-05,5.99372400973289e-06,0.345219251059575,0.326651339873324,-0.0185679111862513,4.57302997051141,4.88567251221746,0.312642541706053,291.070888829651,282.688140869141,-8.38274796051087,2.23751111856128e-05,0,-2.23751111856128e-05,290.401517390271,290.51872833942,0.1172109491485,291.967355615074,292.491537049633,0.524181434559409,730.264788041762,730.339270324515,0.074482282753138,1.18552357044253,1.24187997459232,0.0563564041497844,0.478993728552644,0.483582856465422,0.00458912791277782,95.1420735092874,0,-95.1420735092874,7.61602904526535,0,-7.61602904526535
"159",37.3572006225586,-81.0968627929688,16,4,3.56802746658661e-05,4.04208353371819e-05,4.74056067131577e-06,0.346142635177851,0.324141751204163,-0.0220008839736879,4.59088253771138,4.43136114951892,-0.159521388192462,291.018704933736,282.758819580078,-8.25988535365747,2.23384830192284e-05,0,-2.23384830192284e-05,290.297824820908,290.423057332038,0.125232511129525,291.901432164352,292.506452128835,0.605019964483347,720.277009811484,722.077802875506,1.8007930640224,1.24890126640711,1.32321134579516,0.0743100793880522,0.442129751905496,0.411777387232071,-0.0303523646734253,95.5341465628116,0,-95.5341465628116,7.63647028730009,0,-7.63647028730009
"160",37.3599586486816,-81.1645812988281,16,4,3.55764957317436e-05,3.99000300680398e-05,4.32353433629622e-06,0.34970953633708,0.322882282518637,-0.026827253818443,4.65815090929341,4.1596585705749,-0.498492338718513,290.76375792403,282.650115966797,-8.11364195723326,2.20065518996447e-05,0,-2.20065518996447e-05,290.071400867019,290.170880445875,0.0994795788558918,291.604622363959,292.279852078142,0.675229714182876,702.073220005765,702.429464927315,0.356244921550342,1.25320443650364,1.31250897920281,0.0593045426991738,0.559686747830381,0.52576686462412,-0.0339198832062617,95.1554894709891,0,-95.1554894709891,7.62549111599297,0,-7.62549111599297
"161",37.362678527832,-81.2322998046875,16,4,3.38959902004664e-05,3.90556293092714e-05,5.15963910880498e-06,0.346484582760441,0.319193576358939,-0.0272910064015022,4.38076982742701,4.00891522464589,-0.371854602781116,289.128319684437,283.246002197266,-5.88231748717101,1.97172891444187e-05,0,-1.97172891444187e-05,289.888492013077,290.615862378621,0.727370365544175,291.369793715841,292.785302747414,1.41550903157321,673.522308490702,749.438945822248,75.9166373315462,0.895858182401724,1.03187952012776,0.136021337726038,0.851733625789001,0.794466025436349,-0.0572676003526515,88.4685091913351,0,-88.4685091913351,6.68002362364068,0,-6.68002362364068
"162",37.3653526306152,-81.300048828125,16,4,3.46185438808575e-05,3.48451538876947e-05,2.26610006837199e-07,0.31040093841259,0.298040822204033,-0.0123601162085568,4.42780801984999,4.21738080081777,-0.210427219032222,290.886303929347,283.158782958984,-7.72752097036272,2.16799219002103e-05,0,-2.16799219002103e-05,290.267394546854,290.545196408242,0.277801861388639,291.79383940015,293.00730352417,1.21346412401977,724.772090771142,754.577731549389,29.8056407782467,1.0567847178682,1.14325109480703,0.0864663769388363,0.292942520709043,0.249071850466023,-0.0438706702430196,93.6382153738988,0,-93.6382153738988,7.45008450682072,0,-7.45008450682072
"163",37.3680076599121,-81.3677978515625,16,4,3.52164457364931e-05,3.50799600914154e-05,-1.36485645077714e-07,0.308629059180875,0.2973930479059,-0.0112360112749748,4.28361916338277,4.16571238917163,-0.117906774211134,291.267293866555,283.486877441406,-7.78041642514842,2.20270092781566e-05,0,-2.20270092781566e-05,290.647955760171,290.910784606771,0.262828846599234,292.048867672348,293.292952105777,1.24408443342941,766.328824280428,797.235269209397,30.9064449289694,0.44826265460913,0.441047980585007,-0.00721467402412368,0.654785148822041,0.616765819725482,-0.0380193290965598,93.600047962566,0,-93.600047962566,7.464182517706,0,-7.464182517706
"164",37.3706130981445,-81.4355163574219,16,4,3.53632662849206e-05,3.2434005496663e-05,-2.92926078825762e-06,0.299835646432507,0.289952775628271,-0.00988287080423528,3.74767182831071,3.36561355427799,-0.382058274032723,291.718216977383,283.995086669922,-7.72313030746159,2.2139827812131e-05,0,-2.2139827812131e-05,291.212953904016,291.559226317403,0.346272413387226,292.600753257172,294.133341811827,1.53258855465532,832.649404653392,879.026687906248,46.3772832528562,0.210258520343139,0.250527848470992,0.0402693281278522,0.280347149040135,0.25968233077302,-0.020664818267115,93.6476121533676,0,-93.6476121533676,7.33729688369815,0,-7.33729688369815
"165",37.3731918334961,-81.5032653808594,16,4,3.52920357051705e-05,3.17152195912368e-05,-3.57681611393372e-06,0.287696032780403,0.285743060722902,-0.0019529720575005,3.22800626102676,3.22761084075667,-0.000395420270088209,292.403116555916,284.708160400391,-7.69495615552535,2.225579900723e-05,0,-2.225579900723e-05,291.913955750957,292.371470783621,0.457515032664503,293.372351707715,295.157497200228,1.78514549251298,909.931194759287,971.201911192144,61.2707164328565,0.314424023916964,0.404746587673349,0.0903225637563849,0.422482985633138,0.429332004466673,0.00684901883353511,94.2098736555175,0,-94.2098736555175,7.15799877366414,0,-7.15799877366414
"166",37.3757286071777,-81.5710144042969,16,4,3.51116347667141e-05,3.10470507368167e-05,-4.06458402989748e-06,0.283174907758458,0.282257967185344,-0.000916940573114144,3.08283932188637,3.04221078269502,-0.0406285391913523,292.823708861414,284.975677490234,-7.84803137117927,2.25206775000401e-05,0,-2.25206775000401e-05,292.173225211316,292.621703134475,0.448477923159146,293.780538359634,295.5574871686,1.77694880896581,940.931404213337,1005.46926677503,64.5378625616904,0.926087258251071,1.04292743437383,0.116840176122755,0.753516301902949,0.760022352389202,0.00650605048625275,95.2361486419048,0,-95.2361486419048,7.13976425511933,0,-7.13976425511933
"167",37.378231048584,-81.6387634277344,16,4,3.48869069843346e-05,3.12684094323669e-05,-3.61849755196774e-06,0.280836603994395,0.282263978125946,0.00142737413155181,3.00606146429339,3.00375917222765,-0.00230229206574251,292.708026670701,284.876525878906,-7.8315007917945,2.20802579327719e-05,0,-2.20802579327719e-05,292.023741409875,292.422371664484,0.398630254608634,293.588202662754,295.334662080384,1.74645941763009,930.113131702461,984.062328519654,53.9491968171928,0.835693342244072,0.946974355616884,0.111281013372812,0.943136856611047,0.902241438357745,-0.040895418253302,95.2156074122841,0,-95.2156074122841,7.03877783383947,0,-7.03877783383947
"168",37.3806991577148,-81.70654296875,16,4,3.52213088112998e-05,3.00757331597726e-05,-5.14557565152727e-06,0.283628376269438,0.280538632169841,-0.00308974409959739,3.02909390539186,2.76472504933675,-0.264368856055105,292.595657628436,284.83056640625,-7.76509122218613,2.21558518042689e-05,0,-2.21558518042689e-05,291.924861642417,292.313160688996,0.388299046578084,293.431777848157,295.23604445876,1.80426661060312,919.478165089066,976.322549401776,56.8443843127096,0.949013976898963,1.0666191131627,0.117605136263738,0.606139320643935,0.55005155408488,-0.0560877665590542,95.2151896328355,0,-95.2151896328355,7.11829716112953,0,-7.11829716112953
"169",37.3831329345703,-81.7742919921875,16,4,3.38356577405107e-05,2.87994059830741e-05,-5.03625175743667e-06,0.270616706203386,0.275714373328448,0.00509766712506216,2.49626934834016,2.58563553573739,0.0893661873972316,293.193320811039,285.286773681641,-7.90654712939829,2.13315355445182e-05,0,-2.13315355445182e-05,292.488425525287,292.899191458581,0.410765933294329,294.084083240652,295.975787140539,1.89170389988681,989.908931766416,1051.78611933158,61.8771875651679,0.758996582764656,0.878280238339331,0.119283655574675,0.777933821929209,0.740977791534519,-0.0369560303946899,95.0974252122098,0,-95.0974252122098,6.74133334678395,0,-6.74133334678395
"170",37.3855171203613,-81.8420715332031,16,4,3.40861246779059e-05,2.87563017113538e-05,-5.32982296655212e-06,0.271441203614179,0.277079062018055,0.00563785840387615,2.56433038630037,2.60210846631955,0.0377780800191765,293.056193070075,285.282409667969,-7.77378340210589,2.13112191162353e-05,0,-2.13112191162353e-05,292.427428949297,292.821023173279,0.393594223981381,294.003646543617,295.888825468009,1.88517892439211,986.473081497657,1044.32509092219,57.8520094245372,1.19184478403379,1.30651675226888,0.114671968235088,0.726272696336582,0.720619926585205,-0.00565276975137696,94.8516908292691,0,-94.8516908292691,6.74202526072417,0,-6.74202526072417
"171",37.387866973877,-81.9098510742188,16,4,3.43994999533729e-05,2.94370780145495e-05,-4.96242193882334e-06,0.271940590291473,0.277648488898278,0.00570789860680537,2.57856228820279,2.79172169448983,0.213159406287038,293.36404796544,285.579650878906,-7.78439708653349,2.15504166268227e-05,0,-2.15504166268227e-05,292.649913448954,293.046683657991,0.396770209036902,294.216822426748,296.090837638574,1.87401521182557,1008.50423724739,1068.93250659485,60.4282693474587,1.11884264340675,1.21886496560229,0.10002232219554,1.01044325094135,1.01799440804621,0.00755115710485499,95.2503956088019,0,-95.2503956088019,6.79949598991406,0,-6.79949598991406
"172",37.3902053833008,-81.9776000976563,16,4,3.41289087968846e-05,2.78916142993969e-05,-6.23729449748771e-06,0.26923846232378,0.273065385453632,0.00382692312985228,2.51813216902252,2.462280860314,-0.0558513087085171,293.628215929017,285.994873046875,-7.63334288214247,2.12620192086573e-05,0,-2.12620192086573e-05,292.951516456869,293.414519541073,0.463003084204104,294.525481542065,296.609321831935,2.08384028987058,1043.0362397196,1116.36906907181,73.3328293522188,1.09704679116538,1.22561807356148,0.128571282396102,0.947603811365072,0.962494848136092,0.0148910367710198,94.9441051695702,0,-94.9441051695702,6.6627861666474,0,-6.6627861666474
"173",37.3924827575684,-82.0453796386719,16,4,3.39854978689056e-05,2.73288512966493e-05,-6.65664657225634e-06,0.266226145878729,0.271017582580389,0.00479143670166016,2.37044854449411,2.23794511648325,-0.132503428010859,293.728284670446,286.153656005859,-7.57462866458684,2.09666701549684e-05,0,-2.09666701549684e-05,292.986181328767,293.392245023217,0.406063694450552,294.562510138117,296.629679501428,2.06716936331151,1051.44708011678,1117.24214921153,65.7950690947512,1.25293639158911,1.37144118647718,0.118504794888073,1.04085815664845,1.01506401597243,-0.0257941406760234,95.4464939163289,0,-95.4464939163289,6.57153710614288,0,-6.57153710614288
"174",37.3947334289551,-82.1131591796875,16,4,3.29853017541396e-05,2.59175725382269e-05,-7.06772921591272e-06,0.262598787760536,0.269288082608914,0.00668929484837821,2.26325053842659,2.10318773220747,-0.160062806219117,293.760017860906,286.463012695312,-7.29700516559313,2.01797897188393e-05,0,-2.01797897188393e-05,292.979225852767,293.401839077165,0.422613224398276,294.626009774883,296.775110702148,2.14910092726495,1051.98115812051,1120.80960997208,68.8284518515693,1.14892494923273,1.23538689525816,0.086461946025429,0.939957750181974,0.900784994282983,-0.0391727558989912,95.0001338639038,0,-95.0001338639038,6.35642485910699,0,-6.35642485910699
"175",37.3967018127441,-80.7545776367188,16,4,3.63524497586993e-05,4.18285911757837e-05,5.47614141708447e-06,0.341686603640224,0.323804908998951,-0.0178816946412726,5.32165703406701,5.35151037803063,0.029853343963623,291.588697713615,282.664733886719,-8.92396382689583,2.26192260064284e-05,0,-2.26192260064284e-05,290.942958506482,291.002920690329,0.0599621838472331,292.354262257081,292.914041721207,0.559779464126734,769.970019173909,762.914593254483,-7.0554259194264,0.328121722065534,0.205351363282517,-0.122770358783017,0.721173801807509,0.625591671289714,-0.095582130517795,95.1235727360076,0,-95.1235727360076,7.67894304034383,0,-7.67894304034383
"176",37.3969459533691,-82.1809692382813,16,4,3.17022169371287e-05,2.39036992103203e-05,-7.79851772680839e-06,0.256649938700344,0.266287919351437,0.0096379806510925,1.96650800134382,1.79201219020746,-0.17449581113636,293.680377212478,286.722564697266,-6.95781251521259,1.93866345735357e-05,0,-1.93866345735357e-05,292.936489018975,293.361583609884,0.425094590909509,294.633818113148,296.839406626577,2.20558851342912,1050.05729248773,1118.59735216779,68.5400596800607,0.636390155982071,0.66186196534527,0.0254718093631988,0.348022647299295,0.31884395118462,-0.0291786961146752,94.4156478692296,0,-94.4156478692296,6.15372687619354,0,-6.15372687619354
"177",37.3996467590332,-80.8223266601563,16,4,3.67835475814233e-05,4.00657080637526e-05,3.28216048232932e-06,0.333362869899776,0.316189824849054,-0.0171730450507222,4.57766640491975,4.44594545445891,-0.131720950460841,292.391560167907,283.687805175781,-8.70375499212594,2.36231690485612e-05,0,-2.36231690485612e-05,291.90585496117,292.15078851076,0.244933549589973,293.458982544054,294.418216965431,0.959234421376721,876.11623090853,896.821810863607,20.7055799550769,0.503166950285185,0.60477301751163,0.101606067226444,0.748314646851748,0.619440007143214,-0.128874639708535,95.4029803922302,0,-95.4029803922302,7.62632069244117,0,-7.62632069244117
"178",37.4025459289551,-80.8900756835938,16,4,3.68098007738234e-05,4.18353776652028e-05,5.02557689137943e-06,0.33941130524341,0.323538789747474,-0.0158725154959362,4.60143363985241,4.69727420806885,0.0958405682164383,291.896816123947,282.977203369141,-8.91961275480685,2.324197734282e-05,0,-2.324197734282e-05,291.275858271434,291.330684635379,0.0548263639450397,292.680142688395,293.309407499564,0.62926481116898,828.329284110825,820.006198124327,-8.32308598649774,1.78225746866704,1.88332006146412,0.101062592797077,0.213689543353895,0.108004221299622,-0.105685322054274,96.2776017586974,0,-96.2776017586974,7.66143836124659,0,-7.66143836124659
"179",37.4054069519043,-80.9578247070313,16,4,3.54267441811512e-05,4.27961114846653e-05,7.36936730351417e-06,0.347551185107802,0.331458416226731,-0.0160927688810714,4.80607581342387,5.32760015715901,0.521524343735132,290.930462924658,282.123626708984,-8.8068362156734,2.18190401043352e-05,0,-2.18190401043352e-05,290.154696363517,290.101859357745,-0.0528370057728011,291.604132417472,291.93774250527,0.333610087797581,710.41342554506,688.649327030816,-21.7640985142443,1.19119043257276,1.24119298269901,0.0500025501262424,0.574880944648939,0.485766265787825,-0.0891146788611146,95.4144148258905,0,-95.4144148258905,7.58595593377715,0,-7.58595593377715
"180",37.4082412719727,-81.0256042480469,16,4,3.58066217853544e-05,4.19409614986056e-05,6.13433971325124e-06,0.346849396628524,0.327932657814889,-0.0189167388136359,4.67836719496637,4.98159441173586,0.303227216769487,291.101642578082,282.571807861328,-8.52983471675338,2.23522839126829e-05,0,-2.23522839126829e-05,290.352921393369,290.402604124651,0.0496827312820756,291.88956860119,292.368983750414,0.479415149223541,725.861510890566,718.681218318625,-7.18029257194075,1.18144997868421,1.21755451121617,0.0361045325319518,0.765284501857467,0.679992500674798,-0.0852920011826696,95.6511318018345,0,-95.6511318018345,7.65956086033852,0,-7.65956086033852
"181",37.4110298156738,-81.0933837890625,16,4,3.57208640146627e-05,4.07747849051995e-05,5.0539208905368e-06,0.343743273545006,0.324362687310259,-0.0193805862347469,4.35918111475105,4.4631564556024,0.103975340851352,291.129367786942,282.876983642578,-8.25238414436382,2.24253559974427e-05,0,-2.24253559974427e-05,290.455968929139,290.604140181335,0.148171252195823,292.039964599501,292.681530703042,0.641566103540868,738.297046711233,744.818905164713,6.52185845348015,1.10410521480607,1.14905494237988,0.0449497275738107,0.739080469670417,0.683415143725323,-0.0556653259450945,95.572932122633,0,-95.572932122633,7.61357639543066,0,-7.61357639543066
"182",37.4137840270996,-81.1611328125,16,4,3.54749370269066e-05,3.93050599442282e-05,3.83012291732156e-06,0.341690531950553,0.319816914663443,-0.0218736172871104,4.19191871545254,4.00767921382545,-0.184239501627083,291.09604865494,283.197662353516,-7.89838630142469,2.23339312197442e-05,0,-2.23339312197442e-05,290.559147062432,290.796663436088,0.237516373655922,292.12772452375,293.002861858284,0.875137334534656,751.131352344485,771.179465910218,20.0481135657332,1.43780733313561,1.55271133049302,0.114903997357408,0.689929822976217,0.653866483730936,-0.0360633392452814,94.3432032252644,0,-94.3432032252644,7.52588894996591,0,-7.52588894996591
"183",37.4165077209473,-81.2289123535156,16,4,3.40370579103259e-05,3.31495415568339e-05,-8.87516353492055e-07,0.305676457306175,0.294375597313776,-0.0113008599923995,4.16891673487476,3.78463507921268,-0.38428165566208,290.774478031516,282.956481933594,-7.81799609792262,2.13730072446206e-05,0,-2.13730072446206e-05,290.158233800137,290.462243388296,0.304009588159033,291.781325370323,293.073269760352,1.29194439002919,716.718148929277,750.95240053309,34.2342516038127,1.25338553111675,1.37813717248846,0.124751641371707,0.246443378210625,0.196256338361191,-0.0501870398494339,93.8590849862723,0,-93.8590849862723,7.331943475285,0,-7.331943475285
"184",37.4191932678223,-81.2966918945313,16,4,3.37675614875887e-05,3.36823300365046e-05,-8.52314510840438e-08,0.308918603229522,0.297619552374581,-0.0112990508549405,4.38041435958993,4.0318670517359,-0.348547307854025,290.574416122722,282.545288085938,-8.02912803678424,2.06458103946192e-05,0,-2.06458103946192e-05,289.786613922092,289.936174992715,0.149561070623349,291.259598229265,292.444955041745,1.18535681247965,686.708370266641,700.455777873221,13.7474076065798,1.17688249619923,1.25751712692056,0.0806346307213281,0.308945873015164,0.260224644909696,-0.0487212281054681,93.9802986501365,0,-93.9802986501365,7.28929758326077,0,-7.28929758326077
"185",37.4218406677246,-81.3644714355469,16,4,3.45818769415653e-05,3.37768223819392e-05,-8.05054559626074e-07,0.3050435907258,0.295405826051347,-0.00963776467445271,4.14252391228309,3.92677566332695,-0.215748248956142,291.106246755368,283.092041015625,-8.01420573974303,2.11525816942906e-05,0,-2.11525816942906e-05,290.428224786015,290.616153401244,0.187928615228486,291.755740540083,293.025470991034,1.26973045095127,756.509436975752,776.935532243305,20.4260952675528,0.27676670870278,0.221754223576036,-0.0550124851267445,0.743980217558947,0.714406511327733,-0.0295737062312141,93.1294080255222,0,-93.1294080255222,7.26718479064697,0,-7.26718479064697
"186",37.424446105957,-81.4322509765625,16,4,3.57580190195644e-05,3.24397225684582e-05,-3.31829645110615e-06,0.298311196262299,0.288486917312006,-0.00982427895029325,3.80483769147824,3.3907840761364,-0.414053615341838,291.941316088133,283.947631835938,-7.99368425219512,2.24534080817757e-05,0,-2.24534080817757e-05,291.222225624534,291.529401961522,0.307176336988277,292.65712451035,294.192287293621,1.5351627832718,834.988408982243,879.148640251705,44.1602312694627,0.540078317768199,0.559008625420338,0.0189303076521395,1.03214407071591,0.983052134096018,-0.049091936619895,94.8309960502644,0,-94.8309960502644,7.41449585480382,0,-7.41449585480382
"187",37.4270286560059,-81.5000610351563,16,4,3.57023793498751e-05,3.04644873160522e-05,-5.23789203382286e-06,0.293451616928865,0.282220728351183,-0.0112308885776818,3.52540943765233,2.89045972090501,-0.634949716747316,292.333965364673,284.497863769531,-7.83610159514188,2.26476185593329e-05,0,-2.26476185593329e-05,291.740358232794,292.164117390349,0.42375915755531,293.156716592418,295.067696833326,1.9109802409086,893.170484648497,954.089152540323,60.918667891826,0.275963779141354,0.32259971503199,0.0466359358906357,0.864599683127607,0.807184003096762,-0.0574156800308454,93.9775390197358,0,-93.9775390197358,7.3118718575082,0,-7.3118718575082
"188",37.4295616149902,-81.5678405761719,16,4,3.59197637725943e-05,2.9649385868264e-05,-6.27037790433034e-06,0.288782655516298,0.279263080871543,-0.00951957464475467,3.25924327230861,2.71256438687316,-0.546678885435447,292.870417071467,285.169281005859,-7.70113606560756,2.30802101951953e-05,0,-2.30802101951953e-05,292.305384324372,292.854786393904,0.54940206953188,293.86046913966,295.884186573378,2.02371743371822,950.343878495593,1035.55265754119,85.2087790455934,0.599624346630518,0.732219229094734,0.132594882464216,0.684386002696041,0.64919423944318,-0.0351917632528612,94.8121931297495,0,-94.8121931297495,7.30161485639586,0,-7.30161485639586
"189",37.4320755004883,-81.6356506347656,16,4,3.56857084963801e-05,3.05698777267511e-05,-5.11583076962904e-06,0.28617968118438,0.282175273318636,-0.00400440786574391,3.11343298202906,2.86123421660855,-0.252198765420506,292.920861362201,285.005798339844,-7.91506302235751,2.27040324157872e-05,0,-2.27040324157872e-05,292.24375970673,292.63083995176,0.38708024502904,293.68754354609,295.541914152254,1.8543706061642,953.354596307122,1012.33799999634,58.9834036892177,0.780273753792963,0.879263053321581,0.0989892995286178,0.929912779383286,0.921352716774398,-0.0085600626088872,95.2199474922399,0,-95.2199474922399,7.23347624528637,0,-7.23347624528637
"190",37.4345359802246,-81.7034606933594,16,4,3.56102563088198e-05,3.13159607802748e-05,-4.29429552854498e-06,0.282672441323918,0.282779033611667,0.000106592287749008,3.02563774076282,3.17814240903936,0.152504668276534,293.139833998718,285.432006835938,-7.7078271627808,2.25909945317491e-05,0,-2.25909945317491e-05,292.599333592151,293.068390566279,0.469056974128819,294.107721726368,295.935659508062,1.827937781694,994.130643515419,1063.58254579236,69.4519022769452,0.949527925628194,1.06409399109878,0.114566065470586,1.0425075592861,1.01091247122637,-0.0315950880597271,94.5497307104949,0,-94.5497307104949,7.09937959645006,0,-7.09937959645006
"191",37.4369621276855,-81.771240234375,16,4,3.47179442225007e-05,2.970392811709e-05,-5.01401610541067e-06,0.277139740976332,0.278315175239787,0.00117543426345462,2.77815341134357,2.7305275762183,-0.0476258351252627,293.164392597293,285.472137451172,-7.692255146121,2.20280998292376e-05,0,-2.20280998292376e-05,292.580671324347,293.061614495825,0.480943171477577,294.139770681671,296.074625643798,1.93485496212668,995.933466947216,1067.85124532859,71.9177783813698,0.717806194391307,0.861271510785089,0.143465316393782,0.760398984805319,0.725536499096759,-0.0348624857085599,94.4459493927504,0,-94.4459493927504,6.92115562956201,0,-6.92115562956201
"192",37.4393615722656,-81.8390808105469,16,4,3.43259420712185e-05,2.80770289075377e-05,-6.24891316368086e-06,0.271268924849115,0.273916445807808,0.00264752095869286,2.65976450993465,2.47581917200333,-0.183945337931315,293.634085686622,285.871734619141,-7.76235106748175,2.18666155611959e-05,0,-2.18666155611959e-05,293.00069897587,293.534218447052,0.533519471181933,294.59521148611,296.712194409132,2.11698292302179,1049.9304722596,1134.5031003091,84.5726280494944,0.98892464726706,1.12331399063362,0.134389343366556,0.84355175394212,0.798524528832802,-0.045027225109318,95.2123441017474,0,-95.2123441017474,6.80200322610692,0,-6.80200322610692
"193",37.4417190551758,-81.9068908691406,16,4,3.43922039286627e-05,2.64158960071423e-05,-7.97630792152039e-06,0.269452434827026,0.269683427208043,0.000230992381017092,2.51471336071308,2.15509502704327,-0.359618333669809,293.573669563988,285.798828125,-7.77484143898755,2.1541920465575e-05,0,-2.1541920465575e-05,292.911692093164,293.40216304595,0.490470952785643,294.474894774391,296.731803563984,2.25690878959279,1043.82312564321,1124.31031428305,80.4871886398439,1.35393735133908,1.45653033277056,0.102592981431478,0.724832324174799,0.710121762582514,-0.0147105615922856,95.9633779318452,0,-95.9633779318452,6.75208480592395,0,-6.75208480592395
"194",37.4440422058106,-81.9747009277344,16,4,3.45937557350056e-05,2.64167271926089e-05,-8.17702854239671e-06,0.27356440036327,0.269873775991444,-0.00369062437182621,2.61410001608042,2.13476876315908,-0.479331252921341,293.515447974141,285.891937255859,-7.62351071828198,2.1618686870212e-05,0,-2.1618686870212e-05,292.833943990959,293.326247807646,0.492303816686842,294.35718804635,296.613058303798,2.25587025744773,1028.0736138582,1109.87504575023,81.8014318920248,0.806161088113794,0.935870507695267,0.129709419581472,0.676554851321139,0.655460360828799,-0.0210944904923391,94.7363426953143,0,-94.7363426953143,6.80731053911409,0,-6.80731053911409
"195",37.4463310241699,-82.0425415039063,16,4,3.32243255368374e-05,2.55833020704003e-05,-7.64102346643702e-06,0.26333408766934,0.267668840946099,0.0043347532767587,2.2362433213454,2.01204634935428,-0.224196971991123,293.924584452402,286.473175048828,-7.45140940357362,2.06344210652788e-05,0,-2.06344210652788e-05,293.25053749947,293.776454822988,0.525917323518115,294.890293256486,297.190253020224,2.29995976373863,1082.71435770908,1169.72306984666,87.0087121375789,1.26797949915163,1.39350357677145,0.125524077619815,0.605731966867171,0.620970908211484,0.0152389413443124,94.9041654706447,0,-94.9041654706447,6.44851254464988,0,-6.44851254464988
"196",37.4475517272949,-80.6830749511719,16,4,3.67931673295014e-05,4.33701749750567e-05,6.57700764555529e-06,0.334723234142148,0.325258951369545,-0.00946428277260342,4.6980940867693,5.51491631809463,0.816822231325329,291.968149577381,282.822998046875,-9.1451515305057,2.30813683884159e-05,0,-2.30813683884159e-05,291.415118983022,291.464151353583,0.049032370560667,292.803059625991,293.240840529513,0.437780903521968,827.579820228928,812.659955787854,-14.9198644410732,0.870750382230214,0.922575698100363,0.0518253158701486,1.47613354722089,1.36613900486758,-0.109994542353302,95.2981996513109,0,-95.2981996513109,7.64045238689693,0,-7.64045238689693
"197",37.4485931396484,-82.1103515625,16,4,3.30459958771605e-05,2.61618229422512e-05,-6.88417293490926e-06,0.263172587876894,0.269923281114239,0.00675069323734434,2.25582697452643,2.12284807058481,-0.132978903941619,293.669539337674,286.314849853516,-7.35468948415871,2.04056632546511e-05,0,-2.04056632546511e-05,292.867444191027,293.240571220171,0.373127029144541,294.517680505851,296.601546988573,2.08386648272159,1042.47041355846,1101.44074668083,58.9703331223743,1.38934984652534,1.47875010673422,0.0894002602088755,0.55463476007759,0.568279547255109,0.0136447871775188,95.8814535006279,0,-95.8814535006279,6.44997723363652,0,-6.44997723363652
"198",37.4505233764648,-80.7508544921875,16,4,3.65361430575709e-05,4.06926381379436e-05,4.1564950803727e-06,0.336418093756327,0.319304716352686,-0.017113377403641,4.44635872963147,4.59828095965915,0.15192223002768,291.856039950829,282.950531005859,-8.90550894496999,2.3030923322739e-05,0,-2.3030923322739e-05,291.269784849607,291.421860140542,0.152075290934647,292.739647738807,293.493828915947,0.75418117714031,806.817237266016,810.981021927653,4.16378466163633,1.00315716033217,0.88960018157446,-0.113556978757707,0.898597916534954,0.97136963020474,0.0727717136697859,95.4695696817154,0,-95.4695696817154,7.65398323415943,0,-7.65398323415943
"199",37.4563713073731,-80.886474609375,16,4,3.61720303407872e-05,4.02861410348782e-05,4.114110694091e-06,0.334947263675057,0.318761396298916,-0.0161858673761414,4.02703615742871,4.16353719662397,0.136501039195264,292.228572628815,283.640869140625,-8.58770348819013,2.31229387612263e-05,0,-2.31229387612263e-05,291.747866116619,292.000697574137,0.252831457517345,293.286382766514,294.171499661498,0.885116894983298,865.105835640377,885.810643809589,20.704808169212,1.01865541675785,1.0944193455753,0.075763928817447,0.400388205161794,0.335085549565673,-0.0653026555961206,94.4263031730037,0,-94.4263031730037,7.50934525104002,0,-7.50934525104002
"200",37.4592323303223,-80.9542541503906,16,4,3.64879544392262e-05,4.07261389156271e-05,4.23818447640089e-06,0.339306270571362,0.321255301052891,-0.0180509695184704,4.32433814676399,4.31518223346808,-0.00915591329590892,291.748911081524,283.066986083984,-8.68192499753991,2.29718075167851e-05,0,-2.29718075167851e-05,291.144476066265,291.276334393464,0.131858327199041,292.590977298464,293.370533466933,0.779556168469128,813.384542561158,818.091444840916,4.70690227975797,1.65438462441599,1.7522457435278,0.0978611191118171,0.628630871684394,0.614007473347845,-0.0146233983365491,96.0138235761986,0,-96.0138235761986,7.61314660901473,0,-7.61314660901473
"201",37.4620666503906,-81.0220642089844,16,4,3.53751934428495e-05,3.97807002242639e-05,4.40550678141443e-06,0.342523977992128,0.322207740561243,-0.020316237430885,4.37866117607834,4.26951401050274,-0.109147165575598,291.053378216032,282.604583740234,-8.44879447579785,2.20690446561422e-05,0,-2.20690446561422e-05,290.344927561799,290.488822202188,0.14389464038959,291.916707217322,292.657028562258,0.740321344936262,728.613794702823,735.192125632989,6.57833093016609,0.982757229749453,1.00876576615108,0.026008536401627,0.590818950176935,0.526253777554567,-0.0645651726223679,95.4310417415694,0,-95.4310417415694,7.54223503351918,0,-7.54223503351918
"202",37.4648590087891,-81.0898742675781,16,4,3.52140939317854e-05,3.89993283228004e-05,3.78523439101494e-06,0.338110554089893,0.32006684813807,-0.0180437059518237,4.04286604253655,4.05215965580736,0.00929361327081679,291.184855301694,283.147216796875,-8.03763850481886,2.2209932097258e-05,0,-2.2209932097258e-05,290.605784101929,290.933573098885,0.327788996955405,292.235923458763,293.215093242203,0.979169783440227,754.040792893668,781.840031838815,27.799238945147,1.15434409768604,1.24100651914911,0.0866624214630702,0.45312423497378,0.388566357693426,-0.0645578772803539,94.9911116587382,0,-94.9911116587382,7.47913211752797,0,-7.47913211752797
"203",37.4676132202148,-81.1576843261719,16,4,3.31191579341776e-05,3.61147208365932e-05,2.99556290241553e-06,0.338498364442265,0.313791481053461,-0.0247068833888044,4.02762458670853,3.4755931593414,-0.552031427367121,289.414535647422,283.054229736328,-6.36030591109352,1.95829110208398e-05,0,-1.95829110208398e-05,290.015618963854,290.738349619807,0.722730655952034,291.425410040634,293.096146034647,1.67073599401266,696.418700450671,777.713373128249,81.2946726775778,1.36189686969329,1.50235287104284,0.140456001349552,0.0338666336708323,-0.0302278250974927,-0.0640944587683251,89.606848277198,0,-89.606848277198,6.5490747999323,0,-6.5490747999323
"204",37.4703369140625,-81.2254943847656,16,4,3.35277088046029e-05,3.17253764125072e-05,-1.80233239209565e-06,0.306629228029776,0.292554174830253,-0.0140750531995235,4.24456975398919,3.63954742953309,-0.605022324456109,290.582887154787,282.564086914062,-8.01880024072432,2.0634257016219e-05,0,-2.0634257016219e-05,289.815739926906,290.06661266879,0.250872741883938,291.308627538289,292.71711613331,1.40848859502091,688.697717977578,718.54678979325,29.8490718156728,1.21312680822283,1.32180961669151,0.108682808468681,0.11408074970837,0.00913385526414411,-0.104946894444226,93.8264936495102,0,-93.8264936495102,7.24253229685997,0,-7.24253229685997
"205",37.4730224609375,-81.2933349609375,16,4,3.45357118592163e-05,3.18057894200403e-05,-2.72992243917602e-06,0.305692865033262,0.291433891049691,-0.0142589739835706,4.26787390260615,3.52396771031567,-0.743906192290477,290.891086974304,282.920837402344,-7.97024957196066,2.09910578738699e-05,0,-2.09910578738699e-05,290.206283093942,290.464886899476,0.25860380553388,291.608197557729,293.096739168797,1.48854161106817,728.587583397286,763.103430077755,34.5158466804691,0.570608050757583,0.552608403052424,-0.0179996477051582,0.773456741658779,0.718524442975115,-0.0549322986836638,93.6033631773718,0,-93.6033631773718,7.26911601735133,0,-7.26911601735133
"206",37.4756736755371,-81.3611450195313,16,4,3.48797618353845e-05,3.24026824564197e-05,-2.47707937896484e-06,0.297739741520269,0.289951382560043,-0.00778835896022573,3.75102667523246,3.51408236250918,-0.236944312723274,291.435951016945,283.406463623047,-8.02948739389859,2.15117077046895e-05,0,-2.15117077046895e-05,290.765045171449,291.020812295564,0.25576712411555,292.190374348922,293.642020577486,1.45164622856413,790.095913883201,824.311116893773,34.2152030105724,0.502298111795444,0.489087786690712,-0.0132103251047321,1.03776930747517,1.02001052525101,-0.017758782224164,94.0022707440388,0,-94.0022707440388,7.25022852877614,0,-7.25022852877614
"207",37.4782905578613,-81.4289855957031,16,4,3.55721983057555e-05,3.12587761670993e-05,-4.31342213865621e-06,0.292404895986933,0.284417930845876,-0.0079869651410564,3.55401249420949,3.12701323093512,-0.426999263274364,292.172523931823,284.109222412109,-8.06330151971343,2.23352297459487e-05,0,-2.23352297459487e-05,291.458934330953,291.795797007437,0.336862676483634,292.924643700077,294.583469305977,1.6588256059008,863.381673920539,912.657764291435,49.2760903708959,0.861138065631976,0.883338805389305,0.0222007397573292,1.09622675558924,1.06465066556007,-0.0315760900291651,95.230778670793,0,-95.230778670793,7.30912340140225,0,-7.30912340140225
"208",37.4808654785156,-81.496826171875,16,4,3.55743951841704e-05,3.05194734436836e-05,-5.05492174048673e-06,0.296116022313853,0.28237373281641,-0.0137422894974429,3.64999724657108,2.85488563928849,-0.79511160728259,292.145387225417,284.188171386719,-7.957215838698,2.24616069865459e-05,0,-2.24616069865459e-05,291.413841520571,291.74977601608,0.335934495509889,292.84770784519,294.541058880421,1.69335103523099,858.468661044555,909.077115855249,50.6084548106937,0.47287374711724,0.527480823546744,0.0546070764295047,0.800920681056282,0.740271392432022,-0.0606492886242596,94.7089232037496,0,-94.7089232037496,7.37553442088588,0,-7.37553442088588
"209",37.4834022521973,-81.5646667480469,16,4,3.5506258720783e-05,2.9986668307976e-05,-5.519590412807e-06,0.289221753925218,0.280690722352529,-0.00853103157268825,3.20619107107831,2.75050468933888,-0.455686381739429,292.538603953965,284.642761230469,-7.89584272349668,2.25008543878416e-05,0,-2.25008543878416e-05,291.821838232213,292.246286586105,0.424448353891535,293.338372014395,295.212870799712,1.87449878531669,902.432350314917,966.235973530207,63.8036232152896,0.449815768044807,0.493874998473865,0.0440592304290577,0.65072359871872,0.578659614012001,-0.0720639847067196,94.6660725398486,0,-94.6660725398486,7.26623162196328,0,-7.26623162196328
"210",37.4859085083008,-81.6325073242188,16,4,3.5552231184942e-05,2.84237679921552e-05,-7.1284631927868e-06,0.286548052274934,0.277007815270067,-0.00954023700486689,3.06548124297052,2.50069019122001,-0.564791051750509,292.888325310059,285.184539794922,-7.70378551513716,2.27821105961893e-05,0,-2.27821105961893e-05,292.261897318852,292.806621283256,0.544723964403886,293.857426357286,295.971136782121,2.11371042483512,948.139431155066,1035.97090583626,87.8314746811971,0.432946933920795,0.546337558201262,0.113390624280467,0.431922352707674,0.395313879980017,-0.0366084727276572,94.6083382461548,0,-94.6083382461548,7.23890600454089,0,-7.23890600454089
"211",37.4883766174316,-81.7003784179688,16,4,3.35520940086852e-05,3.0510237110715e-05,-3.04185689797021e-06,0.291706471830124,0.282104460827944,-0.00960201100217972,3.25224466405363,3.02273383507362,-0.229510828980014,290.731719737081,285.245941162109,-5.48577857497156,2.02469936045225e-05,0,-2.02469936045225e-05,291.688558074913,292.727275759422,1.03871768450892,293.120981720009,295.699514037586,2.57853231757736,880.134947469005,1021.94097335139,141.806025882385,0.721156736898242,0.856778028114159,0.135621291215917,0.0539734670890616,0.055588976151852,0.00161550906279048,89.7672004532032,0,-89.7672004532032,6.38363482693323,0,-6.38363482693323
"212",37.4908180236816,-81.7682189941406,16,4,3.59448212743462e-05,3.23891777608827e-05,-3.55564351346357e-06,0.310027015278571,0.293446188986577,-0.0165808262919932,2.87667598887386,2.56522370199872,-0.311452286875146,293.110408881433,285.414916992188,-7.69549188924594,2.23731758063118e-05,0,-2.23731758063118e-05,292.473300965757,292.883570587718,0.410269621960651,293.962228126791,295.694789327547,1.73256120075632,978.072275647023,1041.56535108202,63.4930754349939,0.433039364721621,0.51925631988173,0.086216955160109,0.487838946185847,0.422447994684035,-0.0653909515018126,94.6135680319366,0,-94.6135680319366,7.06599480111947,0,-7.06599480111947
"213",37.4932060241699,-81.8360595703125,16,4,3.47770755598582e-05,2.96577294998597e-05,-5.11934605999847e-06,0.303126183101529,0.287354140937228,-0.0157720421643014,2.72033948979826,2.0658880543505,-0.654451435447758,293.295872619531,285.702941894531,-7.59293072499986,2.18640226402374e-05,0,-2.18640226402374e-05,292.658022540478,293.184715766764,0.526693226286397,294.221003324085,296.242772283515,2.02176895942978,1002.78220531409,1086.93383038484,84.1516250707479,0.615618209522891,0.761889297174488,0.146271087651597,0.203048088667707,0.140812498402328,-0.0622355902653786,94.8864388534543,0,-94.8864388534543,6.86990467589412,0,-6.86990467589412
"214",37.4955673217773,-81.9039306640625,16,4,3.10759760675716e-05,2.71757798403091e-05,-3.90019622726256e-06,0.271552121226598,0.269660519710905,-0.00189160151569279,2.22309932545719,2.16403801420815,-0.0590613112490401,291.477447259844,286.249237060547,-5.22821019929734,1.82176132883371e-05,0,-1.82176132883371e-05,292.611033929462,293.868905943357,1.25787201389545,294.085412029357,297.15692395113,3.07151192177309,996.7431653308,1175.37331471823,178.630149387431,0.654834573993562,0.83371471213278,0.178880138139218,0.346530369659008,0.33881716919685,-0.00771320046215873,89.1473132921252,0,-89.1473132921252,5.62894609224287,0,-5.62894609224287
"215",37.4978981018066,-81.9718017578125,16,4,3.22871334419439e-05,2.71761554295826e-05,-5.11097801236131e-06,0.260818228359025,0.270596148853749,0.00977792049472453,2.06220285301535,2.21292390578832,0.150721052772978,293.616608334284,286.052734375,-7.56387395928374,1.9788768943496e-05,0,-1.9788768943496e-05,292.94655134416,293.475110994447,0.528559650287377,294.656364800859,296.754676877253,2.09831207639405,1048.44225681793,1126.3383841091,77.8961272911722,1.05649146981983,1.17609690586765,0.119605436047818,0.480705874383668,0.450113071196151,-0.0305928031875169,94.5358777965303,0,-94.5358777965303,6.26104258459457,0,-6.26104258459457
"216",37.498348236084,-80.6114807128906,16,4,3.65975882897034e-05,4.23971392835277e-05,5.79955099382431e-06,0.336702487934351,0.322258737405806,-0.0144437505285447,4.76403372919458,4.94519090652466,0.181157177330082,291.891043737899,282.639099121094,-9.2519446168057,2.30502537125701e-05,0,-2.30502537125701e-05,291.391125684959,291.506881890442,0.115756205483592,292.771066821511,293.355944977975,0.584878156464015,833.381867773979,830.016744636966,-3.36512313701223,0.946342479744115,1.00543538739247,0.0590929076483504,1.3102614437387,1.24493480138534,-0.0653266423533658,94.8732772507637,0,-94.8732772507637,7.62929363474032,0,-7.62929363474032
"217",37.5001754760742,-82.0396728515625,16,4,3.23544396923422e-05,2.57931516707055e-05,-6.56128802163668e-06,0.260443335797957,0.26954898799529,0.00910565219733328,2.13540029525757,2.12711781721849,-0.00828247803908111,293.93522735047,286.462921142578,-7.47230620789151,1.99810498895493e-05,0,-1.99810498895493e-05,293.240307634573,293.754132684236,0.513825049662614,294.926000702736,297.115378568791,2.18937786605534,1082.24245567402,1163.27710158634,81.0346459123148,0.853414208433438,0.923173557002879,0.0697593485694407,0.480211501800141,0.447081823616653,-0.0331296781834878,94.0513352681126,0,-94.0513352681126,6.26438895775137,0,-6.26438895775137
"218",37.5013618469238,-80.6793212890625,16,4,3.62296301471195e-05,4.29884699188418e-05,6.75883977172233e-06,0.337947471762692,0.324573720286214,-0.0133737514764787,4.44002201618292,5.00987709485568,0.569855078672751,291.901941216245,282.910919189453,-8.99102202679143,2.33413868701041e-05,0,-2.33413868701041e-05,291.393050813327,291.543052946352,0.150002133024998,292.88527019189,293.412142196202,0.526872004311542,825.451502924156,824.678444791697,-0.773058132459482,0.861110750658565,0.874868744231642,0.0137579935730774,0.55995870981886,0.600867957915,0.0409092480961405,95.0588697940854,0,-95.0588697940854,7.6697784898667,0,-7.6697784898667
"219",37.5043449401856,-80.7471313476563,16,4,3.6562897351687e-05,4.01043741348732e-05,3.54147678318618e-06,0.337326713732729,0.316122381058063,-0.021204332674666,4.25808751277435,4.18647071642753,-0.0716167963468113,291.992615930504,283.080535888672,-8.91208004183204,2.3453623870567e-05,0,-2.3453623870567e-05,291.435713355261,291.664806831174,0.229093475912293,292.946343515487,293.884686435226,0.938342919739341,829.675557643467,845.426829373735,15.7512717302687,0.993750183677697,0.968282696453276,-0.025467487224421,0.549776232594495,0.524763583413344,-0.0250126491811516,95.5284546935367,0,-95.5284546935367,7.67336554217036,0,-7.67336554217036
"220",37.5072784423828,-80.8149719238281,16,4,3.67626515697524e-05,3.86227719860659e-05,1.86012041631354e-06,0.336426339754382,0.313301633810003,-0.0231247059443794,4.1051070751288,3.83758991803878,-0.267517157090015,292.169566356353,283.499237060547,-8.67032929580574,2.34957027432343e-05,0,-2.34957027432343e-05,291.674921485014,291.994361647894,0.319440162880085,293.182009090663,294.357772427817,1.17576333715414,855.650284123123,888.235619147235,32.5853350241117,0.754201200982593,0.774066755379621,0.0198655543970284,0.545596854224555,0.410204674122614,-0.135392180101941,95.1754645329816,0,-95.1754645329816,7.61348080823458,0,-7.61348080823458
"221",37.5101852416992,-80.8828125,16,4,3.58112031458224e-05,3.83576670718236e-05,2.54646392600119e-06,0.33276712734737,0.3147320027586,-0.0180351245887703,3.70853593818143,3.8066124956832,0.0980765575017686,292.00263273196,283.420959472656,-8.58167325930384,2.27068634268838e-05,0,-2.27068634268838e-05,291.526490980097,291.83306625608,0.306575275982766,293.046535992465,294.155376481186,1.10884048872111,845.423418056641,875.568812111114,30.1453940544733,0.973498826369306,1.05515368793686,0.0816548615675496,0.0667545808863255,-0.0252022507120856,-0.0919568315984111,94.2449682223981,0,-94.2449682223981,7.43782836561122,0,-7.43782836561122
"222",37.513053894043,-80.95068359375,16,4,3.57810174166447e-05,3.96168992909801e-05,3.83588187433539e-06,0.339364317478405,0.320056247625229,-0.0193080698531761,4.04507690413385,4.06022421518962,0.0151473110557623,291.40196942205,282.674926757812,-8.72704266423705,2.20753252409605e-05,0,-2.20753252409605e-05,290.715646263966,290.8306513415,0.115005077533851,292.172369757475,292.956462265865,0.784092508390358,770.190458572064,774.437253835655,4.24679526359137,1.41801094140123,1.49271543515891,0.0747044937576862,-0.0761391958276884,-0.216447594444308,-0.14030839861662,95.2434803000092,0,-95.2434803000092,7.50147578432972,0,-7.50147578432972
"223",37.5158882141113,-81.0185241699219,16,4,3.51224913546728e-05,3.7838984308743e-05,2.71649295407023e-06,0.338081027485413,0.315991978619486,-0.0220890488659273,3.94121767924382,3.8070274173704,-0.134190261873425,291.292903053266,282.992126464844,-8.30077658842231,2.23946382681608e-05,0,-2.23946382681608e-05,290.658772473151,290.979454612358,0.320682139207349,292.341176271226,293.38374187625,1.0425656050237,758.835331178599,789.955966434145,31.1206352555457,1.07386091044865,1.12407160737163,0.0502106969229794,0.512191517072133,0.425248316945371,-0.0869432001267623,95.3307705524875,0,-95.3307705524875,7.51909080564815,0,-7.51909080564815
"224",37.518684387207,-81.0863647460938,16,4,3.25429456698881e-05,3.78895313547492e-05,5.34658568486116e-06,0.336301540969497,0.318326230092083,-0.0179753108774139,3.80329273501013,4.07656066438072,0.273267929370586,289.183621173442,282.923126220703,-6.26049495273924,1.90885582716545e-05,0,-1.90885582716545e-05,289.952038501959,290.717969373174,0.765930871214778,291.428698672335,292.956970807049,1.52827213471397,693.239158714016,770.252302142991,77.013143428975,1.26273317208969,1.36769018517549,0.104957013085796,0.099582377065637,0.0183634835390551,-0.0812188935265819,88.4436410508147,0,-88.4436410508147,6.34823696158239,0,-6.34823696158239
"225",37.5214385986328,-81.1542358398438,16,4,3.41245517001881e-05,3.68483522558927e-05,2.72380055570457e-06,0.337885563060686,0.317772271684959,-0.0201132913757277,4.02175815288837,3.86512591696193,-0.156632235926441,290.842292458302,282.770385742188,-8.07190671611431,2.1161806694226e-05,0,-2.1161806694226e-05,290.175628395889,290.398949588981,0.223321193092659,291.672759064411,292.620658226618,0.947899162206909,724.328408381973,743.66514855796,19.3367401759871,1.35356144589901,1.4871510301282,0.133589584229185,-0.0192855796180956,-0.124222423938832,-0.104936844320736,93.8797110828064,0,-93.8797110828064,7.2497552236181,0,-7.2497552236181
"226",37.524169921875,-81.2221069335938,16,4,3.31357615674937e-05,3.26569099444514e-05,-4.7885162304228e-07,0.311823349820113,0.297347135528145,-0.0144762142919679,4.80432973356328,4.12022579225719,-0.68410394130609,290.250477029353,282.160522460938,-8.08995456841569,1.99756808120658e-05,0,-1.99756808120658e-05,289.429753558033,289.574550124065,0.144796566031971,290.837056754046,292.06729152327,1.23023476922384,654.10323153979,668.001560912022,13.8983293722312,0.997775674418773,1.05145863822625,0.0536829638074771,0.279938699606102,0.195227598820034,-0.0847111007860681,93.1837724642541,0,-93.1837724642541,7.18757149109772,0,-7.18757149109772
"227",37.5268516540527,-81.2899780273438,16,4,3.5435633796824e-05,3.81189830547568e-05,2.68334925793283e-06,0.341352855920983,0.317786999142306,-0.0235658567786768,4.40605557270539,4.00212141183706,-0.403934160868326,291.109001530475,282.987823486328,-8.12117804414714,2.13162100340856e-05,0,-2.13162100340856e-05,290.354673054542,290.442107898942,0.0874348444002067,291.615092099084,292.486127750505,0.871035651420357,745.420380156099,752.577561564446,7.1571814083469,0.347847719965437,0.269176399265296,-0.0786713207001414,0.869252723529449,0.83228234603072,-0.0369703774987294,93.7127115496858,0,-93.7127115496858,7.36910075303936,0,-7.36910075303936
"228",37.5294990539551,-81.3578491210938,16,4,3.55242241072135e-05,3.20586102848324e-05,-3.46561382238111e-06,0.294452927985426,0.287179528985114,-0.00727339900031254,3.7628290877383,3.47475042098608,-0.28807866675222,291.976280208328,283.930603027344,-8.04567718098377,2.20991969222488e-05,0,-2.20991969222488e-05,291.37154889493,291.68220537677,0.310656481840169,292.741413691682,294.341939063987,1.60052537230467,857.320747323232,900.949616475757,43.6288691525244,0.583451680415433,0.553906880446684,-0.029544799968749,1.18584202593428,1.17412285617956,-0.0117191697547228,94.1831220136417,0,-94.1831220136417,7.26636335170919,0,-7.26636335170919
"229",37.5321159362793,-81.4257202148438,16,4,3.48914181946969e-05,3.07951790505811e-05,-4.09623914411575e-06,0.287792236721105,0.283594084173064,-0.00419815254804073,3.35281103900355,3.03309326497918,-0.319717774024376,292.15223448001,284.279113769531,-7.87312071047921,2.20571346411907e-05,0,-2.20571346411907e-05,291.541377478612,291.94043290388,0.399055425268045,293.058731665874,294.749076483321,1.69034481744694,874.781278019081,931.313449451684,56.532171432603,0.716522137900315,0.786601403584334,0.0700792656840182,0.852457321548438,0.85632609745671,0.00386877590827184,94.604738781475,0,-94.604738781475,7.14758773067015,0,-7.14758773067015
"230",37.5346946716309,-81.4935913085938,16,4,3.58299614675915e-05,3.09619223966624e-05,-4.86803907092904e-06,0.286656721953541,0.282587313441268,-0.0040694085122725,3.18420599260901,3.01233451386802,-0.171871478740986,292.663913992348,284.69580078125,-7.96811321109817,2.25778801877258e-05,0,-2.25778801877258e-05,291.987738279424,292.405796963103,0.418058683678225,293.482882488319,295.327611563616,1.84472907529687,924.415355592477,983.792009718981,59.3766541265041,0.910236525802255,0.975348979289566,0.0651124534873115,1.2475469948088,1.21760605698328,-0.0299409378255171,95.8244639962317,0,-95.8244639962317,7.2462153801214,0,-7.2462153801214
"231",37.537239074707,-81.5614929199219,16,4,3.57402350166372e-05,3.06150471059652e-05,-5.12518791067201e-06,0.290145067668203,0.282908490940714,-0.00723657672748951,3.38018928430019,2.92463156708285,-0.45555771721734,292.66180697552,284.762481689453,-7.89932528606658,2.26644351129558e-05,0,-2.26644351129558e-05,291.950285876415,292.368254887202,0.417969010787544,293.423906119498,295.293152675863,1.86924655636545,917.582082350162,980.207023586744,62.6249412365819,0.529577043134234,0.598208237237797,0.0686311941035622,0.921929859513143,0.892120164250021,-0.0298096952631219,94.8658603648072,0,-94.8658603648072,7.29988790862627,0,-7.29988790862627
"232",37.5397415161133,-81.62939453125,16,4,3.63288720243097e-05,2.97496831545349e-05,-6.57918886977475e-06,0.288298018739617,0.279826450574323,-0.00847156816529426,3.32022115104219,2.73359204968836,-0.586629101353833,293.08916840257,285.189392089844,-7.89977631272637,2.3200030503532e-05,0,-2.3200030503532e-05,292.417246015296,292.853000444599,0.435754429302904,293.910787236379,295.907567151059,1.99677991468076,973.233013962761,1045.66694751986,72.4339335571011,0.984101789723518,1.07251599986109,0.0884142101375682,1.03889791786094,0.995659465477654,-0.0432384523832892,95.7028524153848,0,-95.7028524153848,7.32848994611025,0,-7.32848994611025
"233",37.5422210693359,-81.697265625,16,4,3.64584191896202e-05,2.93729830726267e-05,-7.08543611699346e-06,0.287629331650605,0.278614586781268,-0.00901474486933668,3.34440368261093,2.71547992412861,-0.628923758482322,293.049183209001,285.157653808594,-7.89152940040765,2.30737489147546e-05,0,-2.30737489147546e-05,292.343937604054,292.745687220218,0.401749616164182,293.816756112817,295.80489839021,1.98814227739342,966.319558157011,1033.28959863565,66.9700404786383,0.728454930134109,0.819124837659909,0.0906699075258001,0.946145231453474,0.878394052986739,-0.0677511784667352,96.1906717316945,0,-96.1906717316945,7.33607335715245,0,-7.33607335715245
"234",37.5446510314941,-81.7651672363281,16,4,3.57669945592086e-05,2.88042811580235e-05,-6.96271340118506e-06,0.282036081890932,0.276146576721112,-0.00588950516982012,3.08334613865257,2.59389813741048,-0.489448001242091,293.148831093632,285.415374755859,-7.7334563377724,2.25811391218873e-05,0,-2.25811391218873e-05,292.51768241286,292.971002389596,0.453319976735997,294.034792125363,296.077744195825,2.04295207046204,986.601927426079,1059.82291127437,73.2209838482943,0.645684547262792,0.732915467012401,0.0872309197496084,0.730816484001412,0.662652126166704,-0.0681643578347079,95.0231570319367,0,-95.0231570319367,7.12846411269547,0,-7.12846411269547
"235",37.5470504760742,-81.8330688476563,16,4,3.55463217789685e-05,3.24255002996834e-05,-3.12082147928502e-06,0.303959411639075,0.293414422434081,-0.0105449892049936,2.72664775196304,2.65574810647557,-0.0708996454874673,293.440724583905,285.707366943359,-7.73335764054536,2.1982962960734e-05,0,-2.1982962960734e-05,292.738322563097,293.100436707249,0.362114144152599,294.222832124047,295.949723292441,1.72689116839433,1014.9025566734,1071.46124856182,56.558691888422,1.17679710634366,1.25484779292451,0.0780506865808515,0.635302670750031,0.586647860477188,-0.0486548102728431,95.504269286034,0,-95.504269286034,6.93668047406708,0,-6.93668047406708
"236",37.5491104125977,-80.539794921875,16,4,3.60859205901291e-05,4.02958452392199e-05,4.20992464909086e-06,0.334899239085558,0.319291402939797,-0.0156078361457611,4.23014968480819,4.67848255695441,0.448332872146215,291.632096244237,282.514221191406,-9.11787505283121,2.27209176944168e-05,0,-2.27209176944168e-05,291.116045932318,291.330086725557,0.214040793238382,292.625910751671,293.382721151006,0.756810399334427,793.304248237446,806.823220410255,13.5189721728091,0.945643946119986,1.01161223054079,0.065968284420805,0.488419215665211,0.418231155955905,-0.0701880597093058,94.8353518702929,0,-94.8353518702929,7.5806763740394,0,-7.5806763740394
"237",37.5494041442871,-81.9010009765625,16,4,3.43181609339064e-05,3.131871609356e-05,-2.99944484034631e-06,0.299403871010504,0.292372167637701,-0.00703170337280346,2.49274721716204,2.36838195670364,-0.1243652604584,293.355975541734,285.629669189453,-7.72630635228086,2.09514935740687e-05,0,-2.09514935740687e-05,292.614182379697,292.96181025275,0.347627873053113,294.126259995118,295.811087281164,1.68482728604641,1002.74399773323,1057.01696842889,54.2729706956561,0.433558590129019,0.534518183153188,0.100959593024169,0.271647190578864,0.207712437733332,-0.0639347528455322,94.6074889255323,0,-94.6074889255323,6.68843120095644,0,-6.68843120095644
"238",37.5517349243164,-81.9689025878906,16,4,3.04100524092632e-05,2.64256585237959e-05,-3.98439388546732e-06,0.268484216408918,0.270915656131857,0.00243143972293941,2.15065327261248,2.17760991235065,0.0269566397381644,291.396282661252,286.420104980469,-4.97617768078317,1.75488159848508e-05,0,-1.75488159848508e-05,292.492378782246,293.77822537496,1.28584659271485,294.115417149051,297.140983577468,3.02556642841694,984.976348315618,1163.87670683552,178.900358519901,0.836043123269325,0.971299014857244,0.135255891587919,0.245248916598694,0.248046600477977,0.00279768387928309,88.5277641876525,0,-88.5277641876525,5.42002612278373,0,-5.42002612278373
"239",37.5521545410156,-80.607666015625,16,4,3.62309090263036e-05,4.20303633021073e-05,5.79945427580371e-06,0.341149467776599,0.323068421632476,-0.0180810461441234,4.76477629099137,4.71109358062092,-0.0536827103704471,291.688099898328,282.624603271484,-9.06349662684323,2.30822494852668e-05,0,-2.30822494852668e-05,291.167648551768,291.351375208348,0.183726656579097,292.652935085803,293.270055346076,0.617120260272941,801.615110138165,807.332807805756,5.71769766759132,0.793166141717727,0.740619015731907,-0.0525471259858195,-0.0424850974109781,-0.0988595052989411,-0.056374407887963,94.4749984517627,0,-94.4749984517627,7.66143009160742,0,-7.66143009160742
"240",37.5581550598145,-80.743408203125,16,4,3.6385547093991e-05,4.04091961532259e-05,4.02364905923486e-06,0.343326629310427,0.318108543506244,-0.0252180858041832,4.4950062882187,4.24161591081538,-0.253390377403325,291.866681015235,283.100311279297,-8.76636973593781,2.32726026529668e-05,0,-2.32726026529668e-05,291.377318705701,291.667976964808,0.290658259107431,292.891422064593,293.807287152687,0.915865088094904,823.770835975522,847.81895094159,24.0481149660677,0.848610867364555,0.825973582141894,-0.0226372852226611,0.0970593468852453,0.0629789460235819,-0.0340804008616635,94.7524907763173,0,-94.7524907763173,7.68281271690475,0,-7.68281271690475
"241",37.561092376709,-80.811279296875,16,4,3.611720763288e-05,3.84897549170913e-05,2.37254728421138e-06,0.341955998690608,0.315285815708293,-0.0266701829823148,4.24543649111039,3.77023002021333,-0.475206470897055,291.733784957269,282.895874023438,-8.83791093383161,2.30112396097649e-05,0,-2.30112396097649e-05,291.147478296172,291.381137852654,0.233659556482053,292.611269371735,293.6301442629,1.01887489116467,805.79014204984,828.53690865922,22.7467666093802,0.872273865595024,0.872963097401061,0.000689231806037527,-0.114343781886296,-0.222972890519409,-0.108629108633113,94.9126591282133,0,-94.9126591282133,7.63843757492,0,-7.63843757492
"242",37.5640029907227,-80.8791809082031,16,4,3.56509853625697e-05,3.75299097701729e-05,1.8789244076032e-06,0.334655965772073,0.312357051686336,-0.0222989140857374,3.93121336260413,3.51095577386709,-0.420257588737031,292.019795666858,283.401733398438,-8.61806226842066,2.2807269724578e-05,0,-2.2807269724578e-05,291.521618468706,291.854754121443,0.333135652737326,293.056307343926,294.239690833952,1.18338349002607,844.08411426935,881.593768027378,37.5096537580279,0.890430161694968,0.893900291591786,0.00347012989681872,-0.146523188436403,-0.273257785187188,-0.126734596750784,94.1018191368875,0,-94.1018191368875,7.46216232244218,0,-7.46216232244218
"243",37.5668716430664,-80.9470825195313,16,4,3.56485711722948e-05,3.77672054335494e-05,2.11863426125459e-06,0.336510215294845,0.315423052165726,-0.0210871631291194,4.02114966384366,3.60632360898531,-0.414826054858346,291.422076322567,282.810638427734,-8.61143789483236,2.22406171344518e-05,0,-2.22406171344518e-05,290.82154127124,291.043964719441,0.222423448200971,292.319760067726,293.37733481205,1.05757474432386,782.584579069369,802.841249247384,20.2566701780142,1.15059575623923,1.19932089825618,0.0487251420169508,0.409576764394144,0.29125438595778,-0.118322378436364,95.3361943825597,0,-95.3361943825597,7.46826508076149,0,-7.46826508076149
"244",37.5697059631348,-81.0149536132813,16,4,3.47116736918548e-05,3.66773466610666e-05,1.9656729692118e-06,0.336670875865008,0.314242726442906,-0.0224281494221018,3.8202536737817,3.47059462620662,-0.349659047575078,291.207756119902,282.870178222656,-8.33757789724552,2.19882824211435e-05,0,-2.19882824211435e-05,290.561836306514,290.864896483962,0.303060177447662,292.149348333168,293.232222342631,1.08287400946364,757.217913376091,788.276240718844,31.058327342753,1.25643531009306,1.41118399907577,0.154748688982701,0.126074284849807,-0.0261836613921635,-0.152257946241971,94.6535001876264,0,-94.6535001876264,7.40476820073131,0,-7.40476820073131
"245",37.5724945068359,-81.0828857421875,16,4,3.3566471958319e-05,3.71868898613968e-05,3.62041790307771e-06,0.341418744689452,0.320996962746352,-0.0204217819430999,4.05427074432373,3.73481580131074,-0.319454943012988,290.548927925141,282.089874267578,-8.459053657563,2.03771492831916e-05,0,-2.03771492831916e-05,289.795515965371,289.876754866687,0.081238901315885,291.159988286509,292.048869804829,0.888881518319977,691.817521222119,693.680383754313,1.86286253219396,1.58388500136634,1.71301309213927,0.12912809077294,-0.46442712293893,-0.679864972519098,-0.215437849580167,93.2621383137984,0,-93.2621383137984,7.1741426014125,0,-7.1741426014125
"246",37.5752677917481,-81.1507568359375,16,4,3.32522632396844e-05,3.80217028993648e-05,4.76943965968036e-06,0.344852780529628,0.325445185440152,-0.0194075950894764,4.57586961729914,4.03775806100959,-0.538111556289542,290.142317025034,281.886352539062,-8.25596448597122,1.97490651037627e-05,0,-1.97490651037627e-05,289.30374064555,289.321922732817,0.0181820872671778,290.703675758887,291.344013884417,0.640338125529411,641.861665219975,633.875856528995,-7.98580869097987,1.14559840056094,1.20452334329199,0.0589249427310485,-0.192293293209896,-0.347373012450872,-0.155079719240976,93.4031548618697,0,-93.4031548618697,7.13376323868154,0,-7.13376323868154
"247",37.5779914855957,-81.2186889648438,16,4,3.41548405514656e-05,3.97401470641518e-05,5.58530651268616e-06,0.343986752007448,0.327047638731727,-0.0169391132757208,4.47946718819121,4.54135812449659,0.0618909363053808,290.412983013341,282.274291992188,-8.1386910211537,2.00448377105857e-05,0,-2.00448377105857e-05,289.62730314266,289.621298511703,-0.00600463095690884,290.92441657584,291.474249528909,0.549832953068858,675.313357792345,663.108275368218,-12.205082424127,0.572797266572376,0.523109675269534,-0.0496875913028419,0.744943773201502,0.714836626377741,-0.0301071468237605,93.2924499515671,0,-93.2924499515671,7.18057287129852,0,-7.18057287129852
"248",37.5806694030762,-81.2865905761719,16,4,3.52989624525061e-05,3.32305255163977e-05,-2.06843693610833e-06,0.294895138599487,0.290019406372168,-0.00487573222731891,3.75279530908307,3.6515468450693,-0.101248464013776,291.938315026336,283.692108154297,-8.24620687203918,2.15901770645077e-05,0,-2.15901770645077e-05,291.302696881355,291.557968457483,0.255271576128791,292.585665373609,294.075036644999,1.48937127138981,853.94881299413,886.682027103776,32.733214109646,0.412188321987823,0.237968769714693,-0.17421955227313,1.35982758146435,1.34205324336174,-0.017774338102607,93.0168539218456,0,-93.0168539218456,7.1812738184425,0,-7.1812738184425
"249",37.5833320617676,-81.3545227050781,16,4,3.25406716050226e-05,3.12777787139765e-05,-1.26289289104614e-06,0.289670222902295,0.284771413894996,-0.00489880900729883,3.1033754104223,3.21726242293659,0.113887012514294,290.359793623805,284.595794677734,-5.7639989460705,1.95770244250704e-05,0,-1.95770244250704e-05,291.362936945218,292.437519961115,1.07458301589691,292.815520311179,295.216542607125,2.40102229594589,843.439468294583,982.742231006655,139.302762712072,0.860531910674174,1.0092007840054,0.14866887333123,0.805346082081273,0.901797252674686,0.0964511705934122,89.1199423660641,0,-89.1199423660641,6.26837337917086,0,-6.26837337917086
"250",37.5859451293945,-81.4224243164063,16,4,3.29554067463089e-05,3.15929827648909e-05,-1.36242398141805e-06,0.291505796069806,0.28526624907667,-0.00623954699313556,3.27662686405019,3.15997986915784,-0.116646994892348,290.407124578263,284.6494140625,-5.75771051576305,1.99137368897128e-05,0,-1.99137368897128e-05,291.230731411975,292.267719602254,1.03698819027858,292.733154568529,295.097880701164,2.36472613263516,830.738056264755,961.438988625598,130.700932360843,0.680437882287913,0.826143827131041,0.145705944843129,0.515969416830365,0.566432510931199,0.050463094100834,89.5050989816903,0,-89.5050989816903,6.34925105848653,0,-6.34925105848653
"251",37.5885314941406,-81.4903564453125,16,4,3.50693594929574e-05,3.13697872981891e-05,-3.69957219476831e-06,0.290568448150839,0.285557636415802,-0.00501081173503681,3.47292882153112,3.17924307146643,-0.293685750064687,292.343390819461,284.849700927734,-7.49368989172621,2.23766775678994e-05,0,-2.23766775678994e-05,291.852305081724,292.3931800064,0.540874924675904,293.431543758719,295.236449722635,1.80490596391604,902.6086086641,977.321317006549,74.7127083424498,0.512099571662896,0.623947386757766,0.11184781509487,0.300617724541169,0.324637928909339,0.0240202043681695,94.1108595643253,0,-94.1108595643253,7.199877910506,0,-7.199877910506
"252",37.5910682678223,-81.5582885742188,16,4,3.56503254357252e-05,3.11393390144829e-05,-4.51098642124227e-06,0.290565011361294,0.28411585658534,-0.00644915477595381,3.47656260596381,3.03882953448173,-0.43773307148208,292.698457065587,285.014892578125,-7.68356448746204,2.27149911355621e-05,0,-2.27149911355621e-05,292.0300937766,292.507494436967,0.4774006603663,293.609398747968,295.393030656621,1.78363190865377,922.237346929997,992.81113273545,70.573785805453,0.422487712763292,0.459529868667705,0.0370421559044131,0.618111003681184,0.602622978879748,-0.0154880248014355,94.6197589769302,0,-94.6197589769302,7.28458752997454,0,-7.28458752997454
"253",37.5935783386231,-81.626220703125,16,4,3.32668014419599e-05,3.14038356081906e-05,-1.86296583376932e-06,0.289089845144915,0.282976711419913,-0.00611313372500244,3.18833166921241,3.10320823212974,-0.0851234370826659,290.959330847579,285.632385253906,-5.32694559367246,2.00592420765045e-05,0,-2.00592420765045e-05,292.083072118367,293.192540393386,1.10946827501891,293.48833129948,296.1087109099,2.62037961041989,923.791702511964,1077.22386820502,153.432165693061,0.493196518968294,0.627466551126535,0.13427003215824,0.375507549685689,0.420258160759704,0.0447506110740152,89.317793621776,0,-89.317793621776,6.22966835018893,0,-6.22966835018893
"254",37.5960464477539,-81.6941833496094,16,4,3.53790544644739e-05,3.00880065180369e-05,-5.29104794643703e-06,0.284462991811419,0.279105428994917,-0.00535756281650168,3.16384657020243,2.79783080989479,-0.366015760307638,293.150053165892,285.712860107422,-7.43719305846963,2.26027053584911e-05,0,-2.26027053584911e-05,292.621586567867,293.240711284826,0.619124716958595,294.209726641606,296.261114440016,2.05138779841047,992.359727861018,1087.7362653834,95.3765375223828,0.566827544110741,0.709013037772088,0.142185493661346,0.512395681016877,0.531893038284187,0.0194973572673098,94.2803664826207,0,-94.2803664826207,7.13073752755198,0,-7.13073752755198
"255",37.5984878540039,-81.7621154785156,16,4,3.49226603344218e-05,2.92160966386512e-05,-5.70656369577059e-06,0.278806362703021,0.27634777987032,-0.00245858283270101,2.87871487120278,2.64300079019661,-0.235714081006173,293.34203867397,285.871795654297,-7.47024301967309,2.2287256862613e-05,0,-2.2287256862613e-05,292.736202159173,293.325908533891,0.589706374717309,294.343275594822,296.41598920396,2.07271360913825,1009.79315166368,1098.82241315999,89.0292614963125,0.599232294392368,0.685489847444056,0.0862575530516881,0.463285452961547,0.461469671135934,-0.0018157818256137,94.3373221911439,0,-94.3373221911439,7.00289530978247,0,-7.00289530978247
"256",37.6008834838867,-81.830078125,16,4,3.42579390108346e-05,2.86429441887674e-05,-5.61499482206717e-06,0.272467438636942,0.273674157782209,0.00120671914526632,2.63639667706612,2.52920139345348,-0.107195283612634,293.746433458401,286.257476806641,-7.48895665176065,2.16287936699044e-05,0,-2.16287936699044e-05,293.158840902721,293.726847910257,0.568007007535755,294.752432137425,296.888639260255,2.13620712282989,1063.82847048517,1152.63351218432,88.8050416991475,0.535752854772943,0.609069288770793,0.0733164339978503,0.217904845451404,0.196729747793995,-0.0211750976574085,94.2482601100962,0,-94.2482601100962,6.7548580827473,0,-6.7548580827473
"257",37.6032485961914,-81.8980102539063,16,4,3.36574038838836e-05,2.8189465140869e-05,-5.46793874301461e-06,0.269449772509881,0.273516306222196,0.00406653371231502,2.49968597216484,2.51333460033449,0.0136486281696548,293.62860796879,286.330718994141,-7.29788897464937,2.09009280744522e-05,0,-2.09009280744522e-05,293.144579446802,293.725454136551,0.580874689749749,294.787357068856,296.98548249959,2.19812543073414,1066.24703812696,1155.57912546895,89.3320873419962,0.986685854241527,1.03664844476656,0.0499625905250355,0.469153418966663,0.440961442554413,-0.0281919764122502,94.6762511546345,0,-94.6762511546345,6.54943051655695,0,-6.54943051655695
"258",37.6059646606445,-80.6038208007813,16,4,3.54412289208176e-05,4.12927284827511e-05,5.85149956193354e-06,0.35584439302501,0.327328259503054,-0.0285161335219559,5.72373973813831,4.69558539757362,-1.0281543405647,290.769423946783,281.323150634766,-9.44627331201769,2.16053121716605e-05,0,-2.16053121716605e-05,290.005872275835,290.007171913379,0.00129963754437767,291.351654617774,291.883590929148,0.531936311373727,695.299643898717,681.348461606656,-13.951182292061,0.479289684593553,0.370188151993372,-0.109101532600181,0.14736795816225,0.0435758085360118,-0.103792149626238,95.3622487737484,0,-95.3622487737484,7.66601929153397,0,-7.66601929153397
"259",37.6089782714844,-80.6717529296875,16,4,3.65753982335313e-05,4.01892094062896e-05,3.61381117275836e-06,0.346467489402861,0.319653601406047,-0.0268138879968143,4.77040808221214,4.18704549675314,-0.583362585459,291.692842494047,282.537628173828,-9.15521432021899,2.30537165728714e-05,0,-2.30537165728714e-05,291.104787420755,291.293785854487,0.188998433731626,292.568978039166,293.399536551159,0.830558511993104,799.685034208369,811.903332506642,12.2182982982722,0.882543911501225,0.841493181595209,-0.0410507299060162,0.661176073119606,0.541634897247387,-0.119541175872219,95.3145880647248,0,-95.3145880647248,7.73340541281278,0,-7.73340541281278
"260",37.6119651794434,-80.7396850585938,16,4,3.62647612349986e-05,3.95051656536398e-05,3.24040441864124e-06,0.34453944104495,0.317256760301832,-0.0272826807431177,4.61798228972997,4.01848448647393,-0.599497803256043,291.826903297189,283.017852783203,-8.80905051398622,2.30881876024573e-05,0,-2.30881876024573e-05,291.290398335402,291.614598618382,0.324200282980598,292.79230129411,293.804950107644,1.01264881353393,817.291307521293,845.812823001979,28.5215154806864,0.658113210993084,0.645103424559706,-0.0130097864333778,0.181353680752263,0.080050194808631,-0.101303485943632,94.7052451667039,0,-94.7052451667039,7.66775744891224,0,-7.66775744891224
"261",37.6148986816406,-80.8076171875,16,4,3.61214437059713e-05,3.88851845440936e-05,2.76374083812236e-06,0.335007767245579,0.314814291110513,-0.0201934761350661,3.9000658907442,3.66044677017081,-0.239619120573386,291.905032122074,283.193359375,-8.71167274707364,2.29553505739455e-05,0,-2.29553505739455e-05,291.385338341657,291.728073818267,0.34273547661013,292.915311142709,294.063425013491,1.14811387078197,834.076323886219,867.415529497738,33.3392056115192,1.07314693771993,1.08255950255167,0.00941256483174424,0.105596786799057,0.0185778293227391,-0.0870189574763179,95.2421253326704,0,-95.2421253326704,7.52292363942212,0,-7.52292363942212
"262",37.617805480957,-80.8755493164063,16,4,3.5309262636973e-05,3.74377322303339e-05,2.1284695933609e-06,0.333017826033897,0.313843200731016,-0.0191746253028807,3.70938903042394,3.45595086334098,-0.253438167082958,291.54926845937,282.930603027344,-8.61866543202592,2.22590188641687e-05,0,-2.22590188641687e-05,290.981549958943,291.311008713478,0.329458754534244,292.527024211887,293.681079078744,1.15405486685665,794.753822760285,826.10285552525,31.349032764965,0.452670181505165,0.410218736802774,-0.0424514447023913,0.188550720171289,0.0501407349919135,-0.138409985179375,94.5527876068937,0,-94.5527876068937,7.41066291436085,0,-7.41066291436085
"263",37.6206893920898,-80.9434814453125,16,4,3.48176131792977e-05,3.8114618516058e-05,3.29700533676028e-06,0.329137758541377,0.314398269821804,-0.0147394887195728,3.66004630439302,3.63611857503907,-0.0239277293539453,291.803460440178,283.518920898438,-8.28453954174063,2.23043232854356e-05,0,-2.23043232854356e-05,291.417061649354,291.77801001333,0.360948363975297,293.034896646846,294.151636754913,1.11674010806689,841.929117607382,877.735552696813,35.8064350894317,0.899079656805153,1.00511597914485,0.106036322339696,0.0323274402083613,-0.116543232850412,-0.148870673058773,93.445900068658,0,-93.445900068658,7.27134385740377,0,-7.27134385740377
"264",37.6235160827637,-81.0114135742188,16,4,3.53086327319935e-05,3.97146989865617e-05,4.40606625456818e-06,0.341807939591029,0.321481616614801,-0.0203263229762286,4.35355545109154,3.89802550454425,-0.455529946547288,291.26213285892,282.767547607422,-8.49458525149834,2.19489111770006e-05,0,-2.19489111770006e-05,290.640498876614,290.763063990053,0.122565113439123,292.009631227042,292.772028231167,0.762397004124637,771.519538051167,774.51333480984,2.99379675867385,1.68503188919004,1.83242254051338,0.14739065132334,0.0401913093723181,-0.136003904130696,-0.176195213503014,94.091014113247,0,-94.091014113247,7.44100215195587,0,-7.44100215195587
"265",37.6263122558594,-81.079345703125,16,4,3.3980212986892e-05,4.21080716022144e-05,8.12785861532244e-06,0.356067085878395,0.336696352543718,-0.0193707333346778,5.32519552442763,4.93871273138584,-0.386482793041783,290.090952616008,281.610870361328,-8.48008225467976,2.0167122917443e-05,0,-2.0167122917443e-05,289.233663992587,289.134330740004,-0.0993332525833353,290.582966197868,290.81239850474,0.22943230687207,634.822401998812,607.677021636598,-27.145380362214,1.4431558894181,1.52418056697873,0.081024677560632,0.504437714984483,0.402222844328048,-0.102214870656435,94.2350360762175,0,-94.2350360762175,7.36141547089078,0,-7.36141547089078
"266",37.629077911377,-81.1473083496094,16,4,3.39209436318138e-05,4.07983755157552e-05,6.87743188394145e-06,0.348168351764258,0.331730898113539,-0.0164374536507194,4.60553851494422,4.69645334716536,0.0909148322211371,290.210346932977,281.899627685547,-8.31071924743054,2.00489759058204e-05,0,-2.00489759058204e-05,289.386124059274,289.343497427244,-0.0426266320303057,290.71181648177,291.099163319603,0.387346837833434,652.291589506676,631.866961775047,-20.4246277316287,0.729076900038308,0.72157767118705,-0.0074992288512582,0.906669078205173,0.8587897476427,-0.0478793305624736,94.1506463724106,0,-94.1506463724106,7.25848015637441,0,-7.25848015637441
"267",37.6318130493164,-81.2152709960938,16,4,3.45931865476271e-05,3.47554951084144e-05,1.6230856078735e-07,0.29758643588419,0.296218383477632,-0.00136805240655785,3.82980409442869,4.1624840711936,0.332679976764907,291.303803402991,283.151885986328,-8.15191741666274,2.09897096727437e-05,0,-2.09897096727437e-05,290.676879923561,290.881657107861,0.204777184300156,292.078776080604,293.228302395851,1.14952631524733,785.433450967418,805.225142112968,19.7916911455505,0.387732880773941,0.304729144563207,-0.0830037362107341,1.38897780492024,1.38527040863333,-0.00370739628690231,93.2421720984654,0,-93.2421720984654,7.11285611300286,0,-7.11285611300286
"268",37.6344985961914,-81.2832336425781,16,4,3.41186338370344e-05,3.36983781294003e-05,-4.2025570763415e-07,0.290726418931416,0.291302046923105,0.000575627991689254,3.38629876650297,3.68836379254985,0.302065026046883,291.899404174305,284.135559082031,-7.76384509227358,2.16664022174786e-05,0,-2.16664022174786e-05,291.487374850221,291.933612581035,0.446237730814403,293.02846816275,294.449190063368,1.42072190061805,863.771328613701,919.335197624277,55.5638690105764,0.525422303557331,0.569550530365698,0.0441282268083666,0.566267462769858,0.740933400244111,0.174665937474253,93.0028419414851,0,-93.0028419414851,7.11182462809021,0,-7.11182462809021
"269",37.637149810791,-81.3511962890625,16,4,3.20138072417159e-05,3.24251538320943e-05,4.1134659037842e-07,0.291997103396925,0.288377171015217,-0.00361993238170716,3.29413730262691,3.30278011061188,0.00864280798496386,289.860347791946,284.269348144531,-5.59099964741523,1.92861452854342e-05,0,-1.92861452854342e-05,290.978638504841,291.956767088496,0.978128583655803,292.423954922087,294.645649550541,2.22169462845426,807.226215198657,926.618016715004,119.391801516347,0.750452010241301,0.853228512436708,0.102776502195407,-0.092881594282075,-0.0363157496702778,0.0565658446117972,89.0461429319487,0,-89.0461429319487,6.20380991613928,0,-6.20380991613928
"270",37.6397743225098,-81.4191589355469,16,4,3.38901219465392e-05,3.6849845126993e-05,2.95972318045383e-06,0.329953925169106,0.310579903810442,-0.0193740213586647,3.55867083459838,3.35249842130221,-0.20617241329617,290.086759122088,284.094757080078,-5.99200204201009,2.00294555092161e-05,0,-2.00294555092161e-05,290.668943443522,291.42386832975,0.754924886227116,292.09101177132,293.733624078507,1.64261230718671,775.916961724124,862.581401343511,86.6644396193869,0.691925804299856,0.791339445548622,0.0994136412487657,0.162726952168063,0.157422837142921,-0.00530411502514189,91.141157583864,0,-91.141157583864,6.54806640346942,0,-6.54806640346942
"271",37.6423530578613,-81.4871215820313,16,4,3.50094262496295e-05,3.20507191657244e-05,-2.95870708390518e-06,0.290053299705297,0.28762524236489,-0.00242805734040669,3.45290675530067,3.28800043285402,-0.164906322446644,292.117304745743,284.334411621094,-7.78289312464881,2.20092541173941e-05,0,-2.20092541173941e-05,291.405693050124,291.734099597466,0.328406547341331,292.938765667248,294.448899611218,1.51013394397029,861.856721638274,906.41612571441,44.5594040761357,0.484254029067623,0.521716782010101,0.037462752942478,0.347878426601361,0.280011543227367,-0.0678668833739934,95.662562722595,0,-95.662562722595,7.19934150975713,0,-7.19934150975713
"272",37.6448936462402,-81.5551147460938,16,4,3.45885950723781e-05,3.24907878076767e-05,-2.09780726470137e-06,0.283146573388801,0.287062062902612,0.00391548951381104,3.10780473040719,3.35165525909163,0.243850528684437,292.514077703915,284.820281982422,-7.69379572149313,2.16525583597059e-05,0,-2.16525583597059e-05,291.898645646508,292.267140300711,0.368494654202607,293.482830898563,295.017487707778,1.53465680921551,915.157228717743,964.548717795449,49.3914890777056,0.465733521617022,0.470934233042738,0.00520071142571626,0.602357342668518,0.546844374993734,-0.0555129676747848,94.2710443654651,0,-94.2710443654651,6.99279237045192,0,-6.99279237045192
"273",37.6474113464356,-81.6231079101563,16,4,3.43404777388943e-05,3.08375438953205e-05,-3.50293384357385e-06,0.281137344253478,0.283485244962909,0.00234790070943081,2.88838728065165,2.99249714256352,0.104109861911872,292.651581962359,285.127532958984,-7.52404900337422,2.16810588771566e-05,0,-2.16810588771566e-05,292.091041965631,292.563856616911,0.472814651280089,293.74791986059,295.446589880956,1.69867002036574,935.542142518125,1004.58007247854,69.0379299604144,0.42718088630329,0.522752585244788,0.095571698941498,0.421555194808614,0.3588669782822,-0.0626882165264149,93.6577211691245,0,-93.6577211691245,6.9553079492936,0,-6.9553079492936
"274",37.6498794555664,-81.6910705566406,16,4,3.15585948578464e-05,2.38113318234456e-05,-7.74726303440083e-06,0.263369162623831,0.268974460556955,0.00560529793312392,2.96739450275389,2.83340184301393,-0.133992659739959,291.076855692593,285.396301269531,-5.68055442306144,1.9566554844473e-05,0,-1.9566554844473e-05,291.860538085372,292.934680353986,1.07414226861363,293.591714145578,296.502379235581,2.91066509000296,908.218762437268,1062.28983654129,154.071074104026,0.547633657099221,0.696522214315773,0.148888557216551,-0.0667705216887788,-0.084755959047434,-0.0179854373586551,89.7500441359197,0,-89.7500441359197,6.19157613465788,0,-6.19157613465788
"275",37.6505012512207,-80.3961486816406,16,4,3.48797683368019e-05,4.12470895817518e-05,6.36732124494992e-06,0.347149622879123,0.327068716100586,-0.0200809067785369,4.59826779161763,4.54998128026979,-0.0482865113478441,290.617527806039,281.064971923828,-9.55255588221132,2.14327620596875e-05,0,-2.14327620596875e-05,289.86719525028,289.921276536004,0.0540812857235551,291.320967935213,291.844183094798,0.523215159585504,673.849621741905,662.493780481296,-11.3558412606093,0.536250929554867,0.491610770338483,-0.0446401592163838,0.593043689001409,0.527944940594606,-0.0650987484068027,95.6045157232189,0,-95.6045157232189,7.57322340047735,0,-7.57322340047735
"276",37.6523170471191,-81.7590637207031,16,4,3.33169334135303e-05,2.35021824815249e-05,-9.81475093200535e-06,0.258576393971717,0.267530842628997,0.00895444865727979,2.80036131540934,2.77613196413741,-0.0242293512719307,292.975279506679,285.362701416016,-7.61257809066296,2.17477866151041e-05,0,-2.17477866151041e-05,292.304290342271,292.82678416617,0.522493823898515,294.098248944071,296.3265353857,2.22828644162843,967.582515537105,1050.99501586114,83.412500324031,0.445352673593292,0.485024333106547,0.0396716595132546,-0.143522809078753,-0.220634025531462,-0.0771112164527097,94.2013169390186,0,-94.2013169390186,6.96025843767151,0,-6.96025843767151
"277",37.653621673584,-80.464111328125,16,4,3.5926392295149e-05,4.08572698192355e-05,4.93087752408653e-06,0.339812459374728,0.322032800294129,-0.0177796590805998,4.17929935455322,4.42642532047044,0.247125965917212,291.432750455379,282.052368164062,-9.38038229131604,2.28590579265935e-05,0,-2.28590579265935e-05,290.796375754806,290.917439000811,0.121063246004553,292.305915173759,292.979286743946,0.673371570187157,758.417514836393,756.623980298582,-1.79353453781096,1.21508678026795,1.19382317615089,-0.0212636041170595,0.849260293276391,0.769702990931022,-0.0795573023453682,96.2903280062158,0,-96.2903280062158,7.69470088350944,0,-7.69470088350944
"278",37.6547164916992,-81.8270568847656,16,4,3.41028688941073e-05,2.86414970614193e-05,-5.46137183268804e-06,0.271838722205712,0.275786598354116,0.00394787614840469,2.60062906477186,2.52120824553009,-0.079420819241776,293.587263409175,285.979827880859,-7.60743552831559,2.14469173497473e-05,0,-2.14469173497473e-05,292.936073812573,293.406132325045,0.470058512471212,294.524639899098,296.501157282849,1.97651738375134,1040.00509096063,1115.18796320595,75.1828722453211,0.456501718691806,0.408346091157255,-0.0481556275345503,0.393013771034291,0.332198940531052,-0.0608148305032397,93.8790217657514,0,-93.8790217657514,6.75718509777187,0,-6.75718509777187
"279",37.6597671508789,-80.6000061035156,16,4,3.66524665180346e-05,3.97206840172793e-05,3.06821749924467e-06,0.345780568638741,0.318643790376431,-0.027136778262309,4.62487048369188,4.13370243096963,-0.491168052722246,291.667128487034,282.380432128906,-9.28669635812776,2.29169273757695e-05,0,-2.29169273757695e-05,291.040015257485,291.244703016099,0.204687758614284,292.434194582816,293.36702483104,0.932830248223638,796.058058501892,811.365961595692,15.3079030938005,0.608152114822001,0.538279283856776,-0.069872830965225,1.0803639771942,1.0072506891756,-0.0731132880185954,95.2047452300907,0,-95.2047452300907,7.69928931456108,0,-7.69928931456108
"280",37.6627807617188,-80.66796875,16,4,3.61261753470528e-05,3.96707448223206e-05,3.54456947526782e-06,0.345108566128244,0.320307715422046,-0.0248008507061985,4.47252535208678,4.0158516606714,-0.45667369141538,291.6386355223,282.594604492188,-9.04403103011259,2.2801102210413e-05,0,-2.2801102210413e-05,291.076827907851,291.349764880452,0.272936972600633,292.54697028254,293.498494932485,0.951524649944872,798.908132243041,821.218880635659,22.3107483926179,0.619225262737067,0.592722801574722,-0.0265024611623449,0.176195637543443,0.1036911771933,-0.0725044603501429,95.0523782638209,0,-95.0523782638209,7.67219663621619,0,-7.67219663621619
"281",37.6657638549805,-80.7359313964844,16,4,3.34524251942706e-05,3.88287424368891e-05,5.37631724261844e-06,0.33941165630543,0.316698790251816,-0.0227128660536139,3.96010154740423,3.81599898216052,-0.144102565243713,289.990204704981,283.221008300781,-6.76919640420022,2.00267273860679e-05,0,-2.00267273860679e-05,290.950793078346,291.879489191703,0.928696113356921,292.301206646132,294.15819012637,1.85698348023789,782.90901390799,881.282788610082,98.373774702092,0.817993077761805,0.846733725259376,0.0287406474975719,0.0183379901926044,-0.0723750931066981,-0.0907130832993024,88.6281153430351,0,-88.6281153430351,6.48343916068284,0,-6.48343916068284
"282",37.6687164306641,-80.8038940429688,16,4,3.54515163868467e-05,3.8097080871735e-05,2.64556448488823e-06,0.335583648649859,0.315717977285783,-0.0198656713640762,3.84112022677038,3.60840299801949,-0.232717228750897,291.611449146729,282.577606201172,-9.0338429455573,2.2099529922695e-05,0,-2.2099529922695e-05,291.009568953145,291.198772960824,0.189204007678995,292.345686097745,293.355224210044,1.00953811229874,806.368345398265,821.540239080097,15.171893681832,0.798864937077539,0.769129777216829,-0.02973515986071,-0.557504022843236,-0.79982802526752,-0.242324002424284,94.6004342646314,0,-94.6004342646314,7.41153325283731,0,-7.41153325283731
"283",37.6716270446777,-80.8718872070313,16,4,3.49115668876517e-05,3.70705083151849e-05,2.15894142753322e-06,0.332942561997051,0.314635456848584,-0.0183071051484668,3.71922913983337,3.51143052435329,-0.207798615480081,291.46328831517,282.765838623047,-8.69744969212292,2.17965691265187e-05,0,-2.17965691265187e-05,290.890165323886,291.189896404096,0.299731080209938,292.349376529736,293.507126623272,1.15775009353581,789.24293686657,817.01866432418,27.7757274576095,0.26536109389403,0.216399857775841,-0.0489612361181892,-0.299029067225,-0.516538888424266,-0.217509821199266,93.8436153588894,0,-93.8436153588894,7.31286174839388,0,-7.31286174839388
"284",37.6744918823242,-80.9398803710938,16,4,3.33198808661867e-05,3.87099056076223e-05,5.39002474143557e-06,0.338808677110338,0.318545920282565,-0.0202627568277723,4.08457487057417,4.02041687924638,-0.0641579913277903,289.47397059216,282.956756591797,-6.51721400036303,1.93467877780853e-05,0,-1.93467877780853e-05,290.452831804147,291.134546954627,0.681715150479647,291.701279974162,293.27959173609,1.57831176192769,743.655382591533,816.497252414601,72.8418698230676,1.19121693272141,1.2807070904521,0.0894901577306917,-0.142224437376237,-0.324561426908001,-0.182336989531764,87.8686229001975,0,-87.8686229001975,6.38273837250101,0,-6.38273837250101
"285",37.6773338317871,-81.0078430175781,16,4,3.39806579096883e-05,4.04217436223623e-05,6.44108571267401e-06,0.35208075059167,0.33104985429099,-0.0210308963006791,5.04851733313666,4.6596711232112,-0.388846209925464,290.322811790223,281.779296875,-8.54351491522317,2.04525724765433e-05,0,-2.04525724765433e-05,289.506240027049,289.492293390617,-0.0139466364315126,290.859050770427,291.296449093159,0.437398322731781,659.053693335138,643.879953157377,-15.1737401777608,1.320334137767,1.41603521145074,0.0957010736837491,-0.298244037608235,-0.456641766111988,-0.158397728503753,93.9216672173173,0,-93.9216672173173,7.32761673529669,0,-7.32761673529669
"286",37.6801338195801,-81.0758361816406,16,4,3.39437815681526e-05,3.99745298893952e-05,6.03074832124257e-06,0.349161217767445,0.328935214394439,-0.0202260033730056,4.91432315467769,4.57573051126594,-0.33859264341175,290.268307621165,281.871643066406,-8.39666455475827,2.03938473565172e-05,0,-2.03938473565172e-05,289.434815789661,289.436476813573,0.0016610239119359,290.810102300116,291.34033321566,0.53023091554428,654.228492742083,640.496404617009,-13.7320881250744,1.03169293697879,1.03645422552055,0.00476128854176627,0.53599525999714,0.498252050116857,-0.0377432098802826,94.3273442315184,0,-94.3273442315184,7.31546844565305,0,-7.31546844565305
"287",37.6828956604004,-81.1438598632813,16,4,3.47316785143959e-05,3.8617299160576e-05,3.88562064618002e-06,0.344270683404536,0.322174952941628,-0.0220957304629085,4.2639711657141,4.04691984714606,-0.217051318568042,290.635687079828,282.359619140625,-8.27606793920279,2.0711173568909e-05,0,-2.0711173568909e-05,289.879565146081,289.950352358228,0.0707872121470245,291.199551341074,291.976830165837,0.777278824762561,701.251278976231,699.968293970252,-1.2829850059793,0.718901734781783,0.69687228831402,-0.0220294464677621,1.16710549972726,1.18951164399341,0.0224061442661541,93.9648194951588,0,-93.9648194951588,7.31742753746717,0,-7.31742753746717
"288",37.6856269836426,-81.2118530273438,16,4,3.4294817581646e-05,3.3152537258794e-05,-1.14228032285196e-06,0.299611137930197,0.293930181949264,-0.00568095598093277,3.82908209776267,3.83015355493268,0.00107145717001389,291.081947317152,282.964630126953,-8.11731719019917,2.09117168389394e-05,0,-2.09117168389394e-05,290.356257409627,290.578395624146,0.22213821451885,291.854711374015,293.062263082647,1.20755170863231,749.222808936427,774.503237864881,25.2804289284541,0.627714526862653,0.590701007486342,-0.0370135193763109,0.878073921580098,0.90488255509796,0.0268086335178616,93.8468278362506,0,-93.8468278362506,7.19516404948827,0,-7.19516404948827
"289",37.6883201599121,-81.2798461914063,16,4,3.40821691857083e-05,3.25206386377676e-05,-1.56153054794067e-06,0.293855671041166,0.291084634372591,-0.00277103666857464,3.44550321856116,3.55466817383073,0.109164955269577,291.365561554732,283.471649169922,-7.89391238481011,2.11680185816527e-05,0,-2.11680185816527e-05,290.69180303013,290.993326188152,0.301523158022633,292.269242634229,293.594182372199,1.32493973797023,783.728824786337,821.482169076032,37.7533442896946,0.639372912816826,0.658016850037263,0.0186439372204366,0.484085638967431,0.432024400241606,-0.0520612387258242,93.8076281558659,0,-93.8076281558659,7.14842943890206,0,-7.14842943890206
"290",37.6909713745117,-81.3478393554688,16,4,3.44766965949399e-05,3.2155504826299e-05,-2.32119176864089e-06,0.294196297692323,0.289762051675574,-0.00443424601674886,3.63371080414862,3.41570171943078,-0.21800908471784,291.573584025666,283.762329101562,-7.81125492410388,2.15120038318441e-05,0,-2.15120038318441e-05,290.899314754052,291.230476788233,0.331162034181261,292.477393784811,293.927767003327,1.45037321851669,805.724774577032,849.796386630646,44.0716120536148,0.603180144858116,0.66457255538199,0.0613924105238741,0.372727095698582,0.314471296894822,-0.0582557988037603,94.3161622344541,0,-94.3161622344541,7.19400921738953,0,-7.19400921738953
"291",37.6935958862305,-81.4158630371094,16,4,3.49373857998271e-05,3.30669219206081e-05,-1.87046387921899e-06,0.296813815735308,0.291334413811074,-0.00547940192423468,3.86945022680821,3.68164720290746,-0.187803023900741,291.633012975007,283.865203857422,-7.76780911758527,2.19629428685909e-05,0,-2.19629428685909e-05,290.902465784998,291.202865999917,0.300400214919421,292.471040092415,293.827147119979,1.35610702756418,807.694209030362,845.617065532619,37.9228565022571,0.735295472295696,0.801000052468689,0.0657045801729925,0.429533248351951,0.382426783699121,-0.0471064646528299,95.7465077727926,0,-95.7465077727926,7.31883938671704,0,-7.31883938671704
"292",37.696174621582,-81.48388671875,16,4,3.49368328421434e-05,3.2749367851963e-05,-2.18746499018037e-06,0.292213270008612,0.289456588844027,-0.002756681164585,3.76095236264742,3.54913639003395,-0.211815972613473,292.043146302867,284.368225097656,-7.67492120521058,2.19233697209079e-05,0,-2.19233697209079e-05,291.389145715139,291.753327508064,0.36418179292491,292.910323330616,294.444922329205,1.53459899858876,860.511016515379,905.80217368911,45.2911571737313,0.45254281635164,0.498812721801839,0.0462699054501984,0.650777802046804,0.612437668361203,-0.038340133685601,94.8112378951132,0,-94.8112378951132,7.20754041614605,0,-7.20754041614605
"293",37.6987266540527,-81.5519104003906,16,4,3.43031358532106e-05,3.29342061481554e-05,-1.36892970505522e-06,0.286390175717606,0.289458929796686,0.00306875407907997,3.21543030861097,3.53765225206685,0.322221943455884,292.169172105319,284.653503417969,-7.51566868735011,2.16504002262166e-05,0,-2.16504002262166e-05,291.57569359604,291.974890927774,0.399197331734626,293.136665217919,294.678633391231,1.54196817331177,884.119889823787,931.810932289938,47.6910424661518,0.586142017480657,0.631908636623118,0.0457666191424606,0.161728181840283,0.15150422241514,-0.0102239594251433,94.7998837084069,0,-94.7998837084069,7.06186737197184,0,-7.06186737197184
"294",37.7011222839356,-80.3241882324219,16,4,3.48023984926684e-05,4.22492068704543e-05,7.44680837778588e-06,0.355565901717693,0.331716466856232,-0.0238494348614607,5.2791569334829,4.91913444975502,-0.360022483727871,290.40509853869,280.517486572266,-9.88761196642429,2.12144453237379e-05,0,-2.12144453237379e-05,289.568630841272,289.548655820483,-0.0199750207891043,290.994705623975,291.387314179624,0.392608555648906,651.3905890493,630.226664136989,-21.163924912311,1.3190176076081,1.3563790676798,0.0373614600716969,0.465818079156466,0.382381426725695,-0.0834366524307708,95.6517839437546,0,-95.6517839437546,7.60278545399421,0,-7.60278545399421
"295",37.7012367248535,-81.6199340820313,16,4,3.28948818382633e-05,2.41607306372418e-05,-8.73415120102149e-06,0.261941609816294,0.272574086762263,0.0106324769459692,3.07941253368671,3.1719494028988,0.0925368692120934,292.497917584132,284.999206542969,-7.49871104116306,2.11011240716214e-05,0,-2.11011240716214e-05,291.981423248785,292.520963555068,0.539540306282845,293.776357364502,295.953777218833,2.17741985433105,929.075733014238,1012.6691768129,83.5934437986637,0.303305358005384,0.397860197414981,0.0945548394095969,0.0642960498475514,0.0217929131813477,-0.0425031366662038,92.4976666458409,0,-92.4976666458409,6.83932371454395,0,-6.83932371454395
"296",37.7037048339844,-81.68798828125,16,4,3.30838897962914e-05,2.38961342122539e-05,-9.18775558403744e-06,0.261466601584621,0.27047034394701,0.00900374236238938,2.95288352477245,2.97529424357618,0.0224107188037319,292.52501951343,284.939514160156,-7.58550535327328,2.12419979365779e-05,0,-2.12419979365779e-05,291.892912144973,292.363452734123,0.470540589150403,293.641501001728,295.837126810822,2.19562580909343,922.727757311953,995.48973355573,72.7619762437769,0.485521980288309,0.529914714556208,0.0443927342678994,0.393092434879602,0.35519178766897,-0.0379006472106322,94.0018474615398,0,-94.0018474615398,6.89557087964161,0,-6.89557087964161
"297",37.7042922973633,-80.3921813964844,16,4,3.45515208580458e-05,3.97074490512298e-05,5.15592819318402e-06,0.349887130206667,0.324542926098818,-0.0253442041078495,4.60071922367455,4.23964378161308,-0.361075442061465,290.47293872368,280.752960205078,-9.71997851860232,2.11618383974815e-05,0,-2.11618383974815e-05,289.67400016873,289.724616217957,0.0506160492274716,291.11216488635,291.779426182167,0.667261295817752,663.394117003422,652.77122678808,-10.6228902153418,0.632165767270259,0.533470297932835,-0.0986954693374241,0.771301528638202,0.729826701369386,-0.0414748272688155,95.3399719588037,0,-95.3399719588037,7.5522093796255,0,-7.5522093796255
"298",37.7061538696289,-81.7560119628906,16,4,3.48397130665e-05,3.11774241509122e-05,-3.66228891558776e-06,0.279143711283089,0.283800332815792,0.00465662153270274,2.83699885800353,3.23753444965069,0.400535591647156,293.016391096069,285.327850341797,-7.68854075427242,2.15558396595204e-05,0,-2.15558396595204e-05,292.322730690724,292.646182149378,0.323451458654404,293.828186154684,295.508017712648,1.67983155796406,970.011475474202,1018.52399551478,48.5125200405787,0.709757479769306,0.702896686765261,-0.00686079300404496,0.938537434626447,0.905963902594107,-0.0325735320323397,95.0366894356757,0,-95.0366894356757,6.92713424170385,0,-6.92713424170385
"299",37.710506439209,-80.5281677246094,16,4,3.63886432056518e-05,4.26567836256028e-05,6.26814041995095e-06,0.343752904744872,0.326219165544159,-0.0175337392007124,4.29570520841158,4.7673044734531,0.471599265041514,291.744400486225,282.642883300781,-9.10151718544415,2.33790942217833e-05,0,-2.33790942217833e-05,291.225099747984,291.431649263588,0.206549515604536,292.717064369695,293.384812455384,0.667748085688913,807.546604584439,811.98132553287,4.43472094843116,1.10087011618165,1.10785709916604,0.00698698298438871,0.608188643393151,0.505847273852272,-0.102341369540879,95.4866860291941,0,-95.4866860291941,7.71394658200701,0,-7.71394658200701
"300",37.7135696411133,-80.5961608886719,16,4,3.47736858214054e-05,3.5962558203992e-05,1.18887238258662e-06,0.307529698096339,0.299165204486373,-0.00836449360996561,4.24373861459585,4.3948863551148,0.151147740518945,291.300181960177,282.040679931641,-9.25950202853608,2.20739237563157e-05,0,-2.20739237563157e-05,290.636522447594,290.889294774248,0.252772326653655,292.17291559943,293.336250072912,1.16333447348211,758.069811853083,777.333279727705,19.2634678746217,0.634190908631897,0.652615112347112,0.0184242037152154,0.352514911073197,0.25382708279458,-0.098687828278617,95.2005752746645,0,-95.2005752746645,7.50617968206484,0,-7.50617968206484
"301",37.7165832519531,-80.6641845703125,16,4,3.3527989544215e-05,4.10328162831576e-05,7.50482673894262e-06,0.340759254407051,0.323593981162799,-0.0171652732442521,4.09951067378378,4.35852843064528,0.2590177568615,290.011388351171,283.018371582031,-6.99301676914024,1.99519863100941e-05,0,-1.99519863100941e-05,290.789066428113,291.677592240344,0.888525812231592,292.287068958361,293.750121994249,1.46305303588889,764.638141139254,849.886904272002,85.2487631327472,0.77464011111567,0.881940755067966,0.107300643952296,0.0952280968620115,-0.07361438210786,-0.168842478969872,88.1984413480374,0,-88.1984413480374,6.49214123190013,0,-6.49214123190013
"302",37.7195663452148,-80.732177734375,16,4,3.53697154655966e-05,4.16109861203771e-05,6.24127065478053e-06,0.338444337283289,0.327514850141045,-0.0109294871422443,3.93673969334007,4.52214194566776,0.585402252327683,291.411254274308,282.212310791016,-9.19894348329257,2.16753919579226e-05,0,-2.16753919579226e-05,290.792580562277,290.887509140061,0.094928577783719,292.135245069355,292.679784920455,0.544539851099842,785.781907570671,779.694136695049,-6.08777087562135,1.25457986011231,1.29954602956812,0.0449661694558092,-0.408359950126327,-0.695095116974895,-0.286735166848568,93.9107123388487,0,-93.9107123388487,7.35509124285949,0,-7.35509124285949
"303",37.7225189208984,-80.8002014160156,16,4,3.35588181379509e-05,4.04717898720996e-05,6.91297173414866e-06,0.345564886012365,0.331158298917495,-0.0144065870948697,4.30124672457703,4.54352706517929,0.242280340602256,290.241680716416,281.099334716797,-9.14234599961873,2.01121580165783e-05,0,-2.01121580165783e-05,289.37898202237,289.341117148512,-0.0378648738579273,290.76356164064,291.185650790695,0.422089150055115,646.174298036485,626.296965601761,-19.8773324347243,0.846115837179414,0.75790857772467,-0.0882072594547446,-0.328200671725323,-0.497417114534567,-0.169216442809244,94.3496674698162,0,-94.3496674698162,7.24337470472628,0,-7.24337470472628
"304",37.7254333496094,-80.8682250976563,16,4,3.36165795584501e-05,3.7064061343655e-05,3.44748178520491e-06,0.337528708691495,0.315039226381735,-0.0224894823097601,3.93419686341897,3.52802013332008,-0.406176730098887,289.161019951248,282.445953369141,-6.71506658210774,1.9035795385185e-05,0,-1.9035795385185e-05,290.181861851634,290.884485392463,0.70262354082837,291.550454092,293.099427611501,1.54897351950029,711.602828982417,790.653295137698,79.0504661552812,0.231894389745409,0.346102192204203,0.114207802458794,0.383287427290379,0.309456739614906,-0.0738306876754736,87.0220315913121,0,-87.0220315913121,6.35910206523342,0,-6.35910206523342
"305",37.7283020019531,-80.9362487792969,16,4,3.49013004627161e-05,3.83471049516098e-05,3.44580448889373e-06,0.340784251801331,0.321105015834036,-0.019679235967295,4.47587574852837,3.96900484297011,-0.506870905558269,290.975876769965,282.192626953125,-8.78324981684023,2.11050951428483e-05,0,-2.11050951428483e-05,290.236582273348,290.322384533263,0.0858022599155106,291.610374913853,292.380321063286,0.769946149432542,734.146456573498,735.993107686543,1.84665111304525,1.67239928979301,1.79892935466707,0.12653006487406,0.309770908627654,0.192450197873313,-0.117320710754341,94.4215562383178,0,-94.4215562383178,7.30154725866655,0,-7.30154725866655
"306",37.7311477661133,-81.0042724609375,16,4,3.42489087188628e-05,3.80550543607176e-05,3.80614564185479e-06,0.343155772155802,0.32313417584216,-0.0200215963136424,4.60236392877041,4.0592173714923,-0.543146557278103,290.532725726198,281.951080322266,-8.5816454039321,2.05145647503096e-05,0,-2.05145647503096e-05,289.708792372872,289.749245487245,0.0404531143728946,291.070645004145,291.763145964278,0.692500960132861,679.56577417108,674.277422968151,-5.28835120292831,1.02240322118265,1.01977730194398,-0.00262591923866484,0.787095885639932,0.746667418557304,-0.0404284670826287,94.4527529545861,0,-94.4527529545861,7.26246339126639,0,-7.26246339126639
"307",37.733943939209,-81.0723266601563,16,4,3.45409763177021e-05,3.75711292849073e-05,3.03015296720527e-06,0.343377199687842,0.319536656293158,-0.0238405433946844,4.53772450308514,3.88121498955621,-0.656509513528938,290.645156431139,282.251129150391,-8.39402728074805,2.08732606871095e-05,0,-2.08732606871095e-05,289.867753754015,289.963485761238,0.0957320072227503,291.206309031438,292.065991407615,0.859682376176295,698.178385949855,701.422319683803,3.2439337339481,0.798824146299261,0.771086624595364,-0.0277375217038972,1.05092924746698,1.05477674546467,0.00384749799768436,94.5658232258602,0,-94.5658232258602,7.34426886644609,0,-7.34426886644609
"308",37.7367134094238,-81.140380859375,16,4,3.53943266891652e-05,3.69847881577232e-05,1.59046146855802e-06,0.337406067621014,0.314786078461086,-0.0226199891599277,3.98268621395796,3.54047827435355,-0.442207939604409,291.008321331853,282.873748779297,-8.13457255255651,2.13944397565001e-05,0,-2.13944397565001e-05,290.346694856643,290.522385319972,0.17569046332909,291.762075893137,292.733582404111,0.97150651097445,746.748167498165,763.551514926541,16.8033474283757,0.785866087513852,0.772724573660829,-0.0131415138530234,1.07517169752293,1.09996838806655,0.0247966905436157,94.1851786580345,0,-94.1851786580345,7.31752479523634,0,-7.31752479523634
"309",37.7394409179688,-81.2084045410156,16,4,3.48952745214413e-05,3.78317752663538e-05,2.93650074491248e-06,0.3303660555841,0.316706302500326,-0.0136597530837742,3.49170627757015,3.87091833098322,0.379212053413065,291.251029108478,283.200317382812,-8.05071172566522,2.13248469304457e-05,0,-2.13248469304457e-05,290.514944912213,290.673351600923,0.158406688709931,291.986215146937,292.817663189014,0.831448042076488,766.849127090674,778.758573649305,11.9094465586318,0.900789777302854,0.937172991002761,0.0363832136999077,1.01449605405398,1.02276805855903,0.00827200450505328,94.3759166353407,0,-94.3759166353407,7.23659025063748,0,-7.23659025063748
"310",37.7421264648438,-81.2764587402344,16,4,3.43842706378346e-05,3.3015162454158e-05,-1.3691081836766e-06,0.291928858403896,0.291774486345935,-0.000154372057961205,3.4648449889615,3.74160976898976,0.276764780028254,291.480303896944,283.495758056641,-7.98454584030361,2.11284761178008e-05,0,-2.11284761178008e-05,290.792523618226,291.012612664574,0.220089046348562,292.296835050605,293.584350425662,1.28751537505684,801.1710040536,826.016613310178,24.8456092565776,0.612896410979286,0.575019353055189,-0.0378770579240977,0.965340620423077,0.955218084653014,-0.0101225357700628,94.4301138874943,0,-94.4301138874943,7.10360749024359,0,-7.10360749024359
"311",37.7447929382324,-81.3445129394531,16,4,3.52407324514582e-05,3.13186890761972e-05,-3.92204337526091e-06,0.292919636775489,0.286390144253925,-0.00652949252156398,3.63348329169119,3.20346405159714,-0.430019240094046,291.949439577303,284.142364501953,-7.80707507535021,2.20182983004136e-05,0,-2.20182983004136e-05,291.351322393433,291.708216518615,0.356894125182066,292.845310134439,294.481054655445,1.63574452100539,856.016500294388,906.627280593861,50.6107802994723,0.965489898499653,0.98516861864581,0.0196787201461569,1.12352649479732,1.12388121127462,0.000354716477299011,94.5950826896066,0,-94.5950826896066,7.23542415740946,0,-7.23542415740946
"312",37.7474136352539,-81.41259765625,16,4,3.50118423518849e-05,3.26840123682158e-05,-2.32782998366912e-06,0.296220716276701,0.290949835050874,-0.00527088122582636,4.05925638247759,3.74045601869241,-0.318800363785182,291.663159175341,283.924987792969,-7.73817138237229,2.16824474547862e-05,0,-2.16824474547862e-05,290.996948367148,291.26047928647,0.263530919321397,292.519122272618,293.898987596052,1.37986532343393,821.510274451634,855.67962572119,34.169351269556,1.24938139424693,1.31525570448416,0.0658743102372294,0.740892747015929,0.745986930231282,0.00509418321535315,95.2141094905465,0,-95.2141094905465,7.25315509186996,0,-7.25315509186996
"313",37.75,-81.4806518554688,16,4,3.33210710200161e-05,2.53566938866226e-05,-7.96437713339346e-06,0.274632406446705,0.278891070508619,0.00425866406191405,3.96033810346554,3.95985870687371,-0.000479396591838377,291.536153431017,283.770843505859,-7.76530992515745,2.12726684991994e-05,0,-2.12726684991994e-05,290.763700306278,291.111260532123,0.347560225845541,292.455651374098,294.292770584049,1.83711920995103,801.498041034475,854.163494968596,52.6654539341205,0.858488519439624,0.938006306098208,0.0795177866585839,0.237785976853833,0.204109632667075,-0.0336763441867587,95.3927773668983,0,-95.3927773668983,7.20081271147841,0,-7.20081271147841
"314",37.7517127990723,-80.2521362304688,16,4,3.34875272418334e-05,2.83122988091851e-05,-5.17522843264823e-06,0.293173308239032,0.290199853345229,-0.00297345489380263,4.96317155952128,5.22781137319711,0.264639813675839,290.833395940459,280.762237548828,-10.0711583916309,2.13555075406146e-05,0,-2.13555075406146e-05,290.088456262361,290.382559074251,0.294102811889786,291.709982979482,293.370985566625,1.66100258714306,704.2855143263,737.05837018609,32.7728558597896,1.26156103031324,1.32906843613443,0.0675074058211891,0.410162052136482,0.301701939669791,-0.108460112466691,95.1305602767148,0,-95.1305602767148,7.50902157397281,0,-7.50902157397281
"315",37.7525444030762,-81.5487060546875,16,4,3.29747044559179e-05,2.48249862807137e-05,-8.14971817520413e-06,0.274214345128145,0.278040936609005,0.00382659148085962,3.70755787384816,3.76134286375127,0.0537849899031158,291.520246508793,283.802520751953,-7.71772575684031,2.08848364360463e-05,0,-2.08848364360463e-05,290.76247643567,291.093296544756,0.330820109085721,292.385953178222,294.284725415361,1.8987722371383,803.096378129833,854.722810383465,51.6264322536317,0.616017027646818,0.674123540691094,0.0581065130442766,-0.010197039946031,-0.0910233650214354,-0.0808263250754044,94.028320856139,0,-94.028320856139,7.12329109282645,0,-7.12329109282645
"316",37.7549133300781,-80.3201599121094,16,4,3.54633477134494e-05,4.18080153742898e-05,6.34466766084036e-06,0.349594967410258,0.327308813933378,-0.0222861534768796,4.79476622638539,4.65860254744179,-0.136163678943602,290.896182774182,281.076324462891,-9.819858311291,2.20476132161128e-05,0,-2.20476132161128e-05,290.202696724339,290.288075973242,0.0853792489031093,291.603411005722,292.152078461133,0.548667455411419,711.994122371101,704.404685635601,-7.5894367355005,1.01160255228036,1.04576536436909,0.0341628120887314,0.916677504937257,0.877667389566172,-0.039010115371085,95.3946237740131,0,-95.3946237740131,7.66441199396788,0,-7.66441199396788
"317",37.7550621032715,-81.6167907714844,16,4,3.38286395337966e-05,2.42622481314813e-05,-9.56639140231529e-06,0.271090758572126,0.2751923266527,0.00410156808057377,3.5789602393778,3.41650903326833,-0.162451206109463,292.171467704155,284.424133300781,-7.74733440337371,2.15101239918421e-05,0,-2.15101239918421e-05,291.438532251511,291.803507175483,0.364974923971772,293.041365093919,295.055091044307,2.01372595038811,875.481342550706,935.850049364214,60.3687068135082,0.256632879809368,0.249311309406993,-0.00732157040237474,0.525388421216797,0.477309551772825,-0.0480788694439714,93.678200814603,0,-93.678200814603,7.12405316517731,0,-7.12405316517731
"318",37.7575302124023,-81.6848754882813,16,4,3.49265185970909e-05,3.19159706361822e-05,-3.01054796090876e-06,0.287322801065435,0.28823886969181,0.000916068626374389,3.33684382479415,3.45135465442625,0.114510829632099,292.334761739265,284.955963134766,-7.37879860449965,2.16629308319882e-05,0,-2.16629308319882e-05,291.755048189847,292.121227322131,0.366179132283264,293.224121137215,294.803801012438,1.57967987522358,904.492215861185,955.639782810233,51.1475669490478,0.576119344902518,0.60009066120548,0.0239713163029612,0.323499553254697,0.30206980615696,-0.0214297470977365,93.6815268243431,0,-93.6815268243431,7.06566090487927,0,-7.06566090487927
"319",37.7580795288086,-80.38818359375,16,4,3.60726964803119e-05,4.0323972246631e-05,4.25127576631907e-06,0.350657662785635,0.321863003501571,-0.0287946592840633,4.92432520939754,4.29814789030287,-0.626177319094666,291.255814473358,281.595611572266,-9.66020290109213,2.28301873310298e-05,0,-2.28301873310298e-05,290.593504661382,290.736721156309,0.143216494926492,292.015932191452,292.797057602909,0.781125411457595,749.981488495563,752.566605278474,2.58511678291006,0.960449596041675,0.964059337622753,0.0036097415810783,0.977959865650956,0.942507260103458,-0.0354526055474977,95.7733089008559,0,-95.7733089008559,7.77966238284433,0,-7.77966238284433
"320",37.7612152099609,-80.4562377929688,16,4,3.62059734439193e-05,4.23418303524408e-05,6.13585690852149e-06,0.352400841350252,0.326917992223327,-0.0254828491269248,4.82238770346356,4.65906019699879,-0.163327506464771,291.391242987748,282.111633300781,-9.27960968696715,2.32248756597243e-05,0,-2.32248756597243e-05,290.750854666046,290.925054402459,0.1741997364133,292.290489540419,292.856634712185,0.566145171765982,755.776905832473,758.103392570164,2.32648673769131,0.831733208299581,0.872279628060718,0.0405464197611373,0.509329678846781,0.333233016717522,-0.17609666212926,95.3298792045856,0,-95.3298792045856,7.81755277421375,0,-7.81755277421375
"321",37.7643051147461,-80.5242919921875,16,4,3.66596460750906e-05,4.22743142224021e-05,5.61466814731157e-06,0.35751203114778,0.327413924742747,-0.0300981064050334,5.26246299906674,4.55244944645808,-0.710013552608653,291.420592224002,282.225524902344,-9.1950673216578,2.32027935000046e-05,0,-2.32027935000046e-05,290.854816656128,291.007509337173,0.152692681044869,292.259979652811,292.817442155254,0.557462502442718,775.6549859665,777.243150590833,1.58816462433231,0.71866123387765,0.670063735488586,-0.048597498389064,-0.219482931247298,-0.422692897394806,-0.203209966147509,94.9885118556001,0,-94.9885118556001,7.83905318366668,0,-7.83905318366668
"322",37.7673568725586,-80.5923156738281,16,4,3.48568938431663e-05,3.6737135430457e-05,1.8802415872907e-06,0.308456238646386,0.299771131178636,-0.00868510746774948,4.43203886961326,4.54982887577807,0.117790006164811,291.547854124194,282.69140625,-8.85644787419449,2.27919109232567e-05,0,-2.27919109232567e-05,291.021329070572,291.554592796083,0.533263725510324,292.666852063082,293.916651531027,1.24979946794559,782.939996990555,840.945179085104,58.0051820945487,0.697325071470848,0.749798582965415,0.0524735114945671,0.260244985172343,0.121254011160613,-0.13899097401173,94.3750092918204,0,-94.3750092918204,7.59541638068111,0,-7.59541638068111
"323",37.770378112793,-80.6603698730469,16,4,3.62689006773469e-05,4.33490282869425e-05,7.08012760959553e-06,0.348297656022804,0.331587561792022,-0.0167100942307824,4.61111894428221,4.70473066150633,0.0936117172241211,291.541466200715,282.138580322266,-9.40288587844901,2.25691009432801e-05,0,-2.25691009432801e-05,290.873588780693,290.827597434907,-0.0459913457863763,292.217822995287,292.490546475234,0.272723479947501,802.458684171448,771.298303189134,-31.1603809823139,1.90652994137252,2.06129809439183,0.154768153019309,-0.103998365516696,-0.320094080286078,-0.216095714769382,95.1338407305879,0,-95.1338407305879,7.58478513588469,0,-7.58478513588469
"324",37.7733726501465,-80.7284545898438,16,4,3.35740296270797e-05,4.19366174080697e-05,8.36258778099002e-06,0.360338609309485,0.339111332474378,-0.0212272768351071,5.06414185222398,4.91010285238934,-0.154038999834631,289.789817925511,280.614349365234,-9.17546856027707,1.9767421861701e-05,0,-1.9767421861701e-05,288.956674272572,288.881474423455,-0.0751998491170411,290.26685559947,290.522587346122,0.255731746652543,608.778116994859,580.809276179043,-27.9688408158155,0.39090043232601,0.274523533776124,-0.116376898549885,-0.21156542875507,-0.425902434290232,-0.214337005535162,93.1644953765895,0,-93.1644953765895,7.33809164491717,0,-7.33809164491717
"325",37.7763137817383,-80.7965087890625,16,4,3.42155327256584e-05,4.0399048833589e-05,6.18351610793058e-06,0.339683226080409,0.323264357157533,-0.0164188689228764,4.00214666382879,4.16402057908539,0.161873915256598,289.39815572447,282.430877685547,-6.9672780389227,1.95598685126571e-05,0,-1.95598685126571e-05,290.380815486626,291.031524891825,0.650709405199223,291.690923312179,292.999106566253,1.30818325407421,738.970380512839,801.377691076155,62.4073105633159,1.05777254561608,0.989947755610853,-0.0678247900052257,0.985792209861958,0.892381419224059,-0.0934107906378988,88.5456624196049,0,-88.5456624196049,6.47555972270197,0,-6.47555972270197
"326",37.7792320251465,-80.8645629882813,16,4,3.34814803040082e-05,3.88554457857905e-05,5.3739654817823e-06,0.343337451287366,0.320070058018505,-0.023267393268861,4.26086019858336,3.96300491104778,-0.297855287535578,289.309883618877,282.780700683594,-6.52918293528313,1.96087478099674e-05,0,-1.96087478099674e-05,290.376915356984,291.102993042036,0.726077685051393,291.672945513937,293.146693820013,1.47374830607612,730.877876490679,805.943742688695,75.0658661980166,0.18693735793481,0.281312351586945,0.0943749936521355,0.616794936937135,0.458317226841718,-0.158477710095417,87.1953110449124,0,-87.1953110449124,6.49211571039491,0,-6.49211571039491
"327",37.7821044921875,-80.9326477050781,16,4,3.37968442095167e-05,4.02741847297024e-05,6.47734052018579e-06,0.340906048538115,0.323947566838128,-0.016958481699987,4.41762697594798,4.33790593269544,-0.0797210432525377,289.618380355903,283.303833007812,-6.3145473480904,1.97688231060308e-05,0,-1.97688231060308e-05,290.582045908434,291.338245355852,0.756199447417259,291.916322547515,293.2929019911,1.37657944358534,754.64005453961,832.357995887327,77.7179413477168,1.3180704741566,1.42825753951013,0.110187065353533,-0.141532228730264,-0.0588437142813084,0.0826885144489561,88.0330503247582,0,-88.0330503247582,6.46790087174695,0,-6.46790087174695
"328",37.7849502563477,-81.000732421875,16,4,3.41412860801407e-05,3.94906808150163e-05,5.3493947348755e-06,0.343041887954183,0.325926508897083,-0.0171153790570991,4.41806877983941,4.4056329482641,-0.0124358315753126,290.567937089303,282.044799804688,-8.52313728461553,2.05829639116161e-05,0,-2.05829639116161e-05,289.765421846487,289.795565857292,0.0301440108049178,291.09928306456,291.665481817304,0.566198752744356,687.677968323616,678.389805612827,-9.28816271078904,0.755795038409493,0.769921961124532,0.0141269227150387,0.504958372351247,0.491144427429103,-0.0138139449221436,94.2097569502563,0,-94.2097569502563,7.27942598952794,0,-7.27942598952794
"329",37.7877540588379,-81.0687866210938,16,4,3.48822918506088e-05,3.84833669799113e-05,3.60107512930249e-06,0.337004534532766,0.319579066245427,-0.0174254682873393,3.99878158732357,3.98640992906359,-0.0123716582599864,290.950284659406,282.521942138672,-8.42834252073436,2.09830661774051e-05,0,-2.09830661774051e-05,290.196353721517,290.269969992479,0.0736162709620771,291.511944290495,292.270450686441,0.758506395945403,734.373215633334,732.684173021898,-1.68904261143643,0.614283575619013,0.538795325901556,-0.0754882497174572,0.85177811528978,0.861970878263645,0.0101927629738644,94.5823861265511,0,-94.5823861265511,7.28170829887147,0,-7.28170829887147
"330",37.7905197143555,-81.1369018554688,16,4,3.54725430982872e-05,3.71284942867285e-05,1.65595118844129e-06,0.327656554495586,0.312629792376363,-0.0150267621192227,3.51779900249253,3.53001685835357,0.0122178558610444,291.508606739394,283.370086669922,-8.13852006947207,2.1592780524819e-05,0,-2.1592780524819e-05,290.948249435221,291.173133299999,0.224883864777837,292.310242587526,293.307543631824,0.997301044297728,818.807925013084,842.420640108095,23.6127150950117,1.08243039576688,1.01943972797872,-0.0629906677881598,1.14575896636292,1.18331952743754,0.0375605610746197,93.9627888185858,0,-93.9627888185858,7.20167100073222,0,-7.20167100073222
"331",37.7959480285645,-81.2730712890625,16,4,3.55452554618675e-05,3.899590687708e-05,3.45065141521254e-06,0.329680674912158,0.317970264062368,-0.0117104108497906,3.68273757869362,4.23385697552282,0.551119396829197,291.573882654593,283.642913818359,-7.93096883623377,2.15424640335645e-05,0,-2.15424640335645e-05,290.917334074564,291.021010985807,0.103676911242474,292.267094654737,293.037596602234,0.770501947496314,812.218762816949,816.629958788705,4.41119597175555,0.401842072479702,0.287614763857877,-0.114227308621826,0.918062540294643,0.941626441590465,0.0235639012958214,93.9488611663122,0,-93.9488611663122,7.23115751606349,0,-7.23115751606349
"332",37.7986106872559,-81.3411865234375,16,4,3.37818361583373e-05,3.8115437541849e-05,4.33360138351171e-06,0.329470881480954,0.31375677159392,-0.0157141098870339,3.72723563919719,3.79130424597324,0.0640686067760501,289.751265667248,284.322235107422,-5.42903055982572,1.95666757679589e-05,0,-1.95666757679589e-05,290.873026356995,291.683925911861,0.810899554866012,292.219203335716,293.841794291573,1.62259095585682,795.433380267578,889.037625623277,93.6042453556993,0.754027178167871,0.835354898483817,0.0813277203159457,0.685287903095331,0.723212633221614,0.0379247301262831,88.5506907034588,0,-88.5506907034588,6.31347415990562,0,-6.31347415990562
"333",37.8012313842773,-81.4093017578125,16,4,3.51519508467898e-05,3.37222301792116e-05,-1.42972066757822e-06,0.290844347739805,0.291861684784991,0.00101733704518542,4.01518218537681,3.97448000133547,-0.0407021840413408,292.134312854323,284.377075195312,-7.75723765901085,2.21602546594433e-05,0,-2.21602546594433e-05,291.555208102609,291.876315265783,0.321107163173735,293.063863438135,294.429342350375,1.36547891223944,887.836042770311,927.110892936502,39.2748501661908,1.41203178576229,1.44997493403797,0.0379431482756765,0.861090321736123,0.871527310722777,0.0104369889866532,95.4655102342002,0,-95.4655102342002,7.21061612860937,0,-7.21061612860937
"334",37.8022499084473,-80.1799926757813,16,4,3.49247276003773e-05,4.22717531933548e-05,7.34702559297751e-06,0.358448634850973,0.329638531268736,-0.0288101035822366,5.62992646143987,4.85698630259587,-0.772940158843994,290.619336136894,280.306610107422,-10.3127260294719,2.14239681126489e-05,0,-2.14239681126489e-05,289.895043211304,289.898777439307,0.00373422800277012,291.21867323881,291.688319389095,0.469646150284404,688.886036280799,668.926513279792,-19.9595230010071,1.65020089274765,1.7053579977964,0.0551571050487505,-0.148084446604491,-0.35877024037273,-0.210685793768239,94.8334983736688,0,-94.8334983736688,7.62114424778433,0,-7.62114424778433
"335",37.803825378418,-81.4774169921875,16,4,3.38051925219412e-05,2.54173249480521e-05,-8.38786757388903e-06,0.270276983822843,0.278324641144072,0.00804765732122925,3.6320991353092,4.021697231847,0.389598096537794,291.855659684529,283.819213867188,-8.03644581734125,2.14894438836793e-05,0,-2.14894438836793e-05,291.095586471463,291.406765778039,0.311179306576321,292.704963910913,294.592830976473,1.88786706556004,846.116539770213,894.848369050096,48.7318292798834,1.39466684758165,1.47511756372823,0.0804507161465824,1.15426047621089,1.1797610942753,0.0255006180644104,96.1150678847591,0,-96.1150678847591,7.17710760395522,0,-7.17710760395522
"336",37.8054924011231,-80.248046875,16,4,3.46566039345006e-05,4.16546687023994e-05,6.99806476789882e-06,0.349349972098742,0.327502536208886,-0.0218474358898562,4.80306772900443,4.69358060298822,-0.10948712601621,290.557238749429,280.701507568359,-9.85573118106947,2.14827584727721e-05,0,-2.14827584727721e-05,289.888000031903,289.970156421902,0.0821563899994544,291.322544776356,291.823532218587,0.500987442231235,684.990074282483,674.687667025879,-10.3024072566042,0.493431502672092,0.440297686383093,-0.0531338162889987,0.363949360899538,0.234663363190111,-0.129285997709426,95.4643701341566,0,-95.4643701341566,7.57203268675601,0,-7.57203268675601
"337",37.8063659667969,-81.5455322265625,16,4,3.51284359473495e-05,3.24947492060755e-05,-2.63368674127399e-06,0.296308927230692,0.291665246142136,-0.00464368108855634,3.81739247966016,3.75959678389068,-0.0577956957694812,291.69621084253,283.810485839844,-7.88572500268612,2.15786352193207e-05,0,-2.15786352193207e-05,290.908906865676,291.084265699585,0.175358833909229,292.204746093533,293.615714892387,1.41096879885424,820.888498095135,845.703651046263,24.8151529511279,0.510419518895496,0.527449094938418,0.0170295760429222,1.21134911607146,1.24969974157106,0.0383506254996033,95.3281481665948,0,-95.3281481665948,7.2849704543754,0,-7.2849704543754
"338",37.8086967468262,-80.3161315917969,16,4,3.54244797978166e-05,4.11457294220008e-05,5.72124962418414e-06,0.350660927211695,0.324599754156799,-0.0260611730548959,4.9585040451115,4.40065499248668,-0.557849052624825,290.953015371428,281.30322265625,-9.64979271517757,2.22890227790899e-05,0,-2.22890227790899e-05,290.328194116854,290.456646055901,0.12845193904684,291.804212931829,292.428286022195,0.624073090365641,721.99120590192,721.302306117857,-0.688899784063551,1.36207314020282,1.36237756959734,0.000304429394517802,0.158293365405032,0.0705514932540942,-0.0877418721509383,95.1508594746337,0,-95.1508594746337,7.68514385740363,0,-7.68514385740363
"339",37.8088836669922,-81.6136474609375,16,4,3.56942031954728e-05,3.21676192586889e-05,-3.52658393678399e-06,0.291636301789851,0.289004876319626,-0.00263142547022516,3.5500239836864,3.55284394158257,0.00281995789617584,292.202392871511,284.601013183594,-7.60137968791724,2.21426527056674e-05,0,-2.21426527056674e-05,291.572349527966,291.886464313699,0.314114785733466,293.002673667458,294.527940143995,1.52526647653661,884.700598434724,931.469744217555,46.7691457828306,1.02009828557042,1.02137639033618,0.00127810476575374,1.06024095407304,1.1095781617421,0.0493372076690588,94.5888919191349,0,-94.5888919191349,7.24857462123254,0,-7.24857462123254
"340",37.8118629455566,-80.3842163085938,16,4,3.51229012358087e-05,3.6330285559329e-05,1.20738432352029e-06,0.313008910062603,0.300610723843752,-0.0123981862188511,4.76512586968577,4.62540878801264,-0.139717081673125,291.120864550329,281.672882080078,-9.44798247025108,2.2362133565408e-05,0,-2.2362133565408e-05,290.504739227213,290.776215129334,0.271475902120699,292.057459679961,293.193256654581,1.13579697462086,737.718879459123,759.883172833767,22.1642933746443,0.750441805471031,0.628246472996552,-0.122195332474478,0.248038783426909,0.166511533461876,-0.0815272499650331,95.1308830987776,0,-95.1308830987776,7.62034844631927,0,-7.62034844631927
"341",37.8211479187012,-80.5884704589844,16,4,3.5901749019054e-05,4.08354335323866e-05,4.93368451333257e-06,0.344749074822561,0.322855794157329,-0.0218932806652319,4.37902554487571,4.22293610042996,-0.156089444445749,291.76743105168,282.810363769531,-8.9570672821485,2.29901617335012e-05,0,-2.29901617335012e-05,291.248317414933,291.593816870278,0.345499455345191,292.700604743543,293.560203827975,0.859599084431352,818.122383279332,846.863654621877,28.7412713425451,0.345197208069032,0.393433085262198,0.048235877193166,0.314961679601154,0.186391526398769,-0.128570153202384,93.7904308050916,0,-93.7904308050916,7.60830310447739,0,-7.60830310447739
"342",37.8241729736328,-80.6565856933594,16,4,3.52863993467762e-05,4.26535305951829e-05,7.3671312484067e-06,0.344923163536861,0.332052227639581,-0.01287093589728,4.40171245835785,4.66787792271019,0.266165464352339,291.176599259094,282.070556640625,-9.10604261846885,2.19008855351119e-05,0,-2.19008855351119e-05,290.510822971881,290.598409860865,0.0875868889834237,291.919829610533,292.357744102485,0.437914491951972,757.490550644467,746.071169021375,-11.4193816230926,1.45568690749229,1.51889583187168,0.063208924379389,-0.280160968705379,-0.44888789025128,-0.168726921545901,94.1385511021921,0,-94.1385511021921,7.43957444643166,0,-7.43957444643166
"343",37.8271675109863,-80.7246704101563,16,4,3.44194780946413e-05,4.10311722643032e-05,6.61169416966191e-06,0.344346880533421,0.331363118474002,-0.0129837620594185,4.16963779416859,4.58035403031569,0.410716236147106,290.469665875061,281.513336181641,-8.95632969341989,2.08594629416589e-05,0,-2.08594629416589e-05,289.703901636233,289.770492961192,0.0665913249581536,291.204089903123,291.616954521626,0.41286461850342,677.601805554913,667.294746477617,-10.3070590772962,0.744199898693964,0.704051083013013,-0.0401488156809505,0.718833186687294,0.588704514597626,-0.130128672089668,94.7335179379811,0,-94.7335179379811,7.35965545063492,0,-7.35965545063492
"344",37.8301086425781,-80.7927856445313,16,4,3.43239098180749e-05,3.90702308759432e-05,4.74632105786833e-06,0.344540700479581,0.323634987214515,-0.0209057132650657,4.21011200114193,4.16017808669653,-0.049933914445405,290.846139284052,282.130157470703,-8.71598181334895,2.14925805324599e-05,0,-2.14925805324599e-05,290.304191164217,290.469107865735,0.164916701518052,291.621517774281,292.42261521562,0.801097441339323,740.087320884692,745.99398048852,5.90665960382807,0.387585009708843,0.330032536182943,-0.0575524735259008,-0.259779668846059,-0.5043152468584,-0.244535578012341,93.0890986120253,0,-93.0890986120253,7.39366012525151,0,-7.39366012525151
"345",37.8330307006836,-80.8609008789063,16,4,3.49109579465699e-05,4.08447626130573e-05,5.93380466648738e-06,0.345392189803222,0.327530849593691,-0.0178613402095313,4.42420446770823,4.57672874744122,0.152524279732989,291.065083622402,282.53271484375,-8.53236877865186,2.19081917624097e-05,0,-2.19081917624097e-05,290.504190644272,290.678314735993,0.17412409172033,291.85784513865,292.479008741686,0.621163603035768,756.31367958302,761.291345186367,4.97766560334696,0.455996873196283,0.42923864168648,-0.0267582315098026,-0.111453814767302,-0.332180906927083,-0.220727092159781,93.4859517193311,0,-93.4859517193311,7.43242816300325,0,-7.43242816300325
"346",37.8359069824219,-80.9290161132813,16,4,3.40715209973177e-05,3.95069227362106e-05,5.43540173889289e-06,0.340562783555722,0.326337484545039,-0.014225299010683,4.23974275996542,4.41403750069121,0.174294740725786,290.789892097841,282.316284179688,-8.47360791815373,2.07956520524494e-05,0,-2.07956520524494e-05,290.08701989607,290.187259287645,0.100239391574803,291.409175661592,292.004425252568,0.595249590976437,716.087010269698,714.693216814391,-1.39379345530676,0.155637529806146,0.164600865615519,0.00896333580937297,-0.552647989471022,-0.756265045896332,-0.20361705642531,93.018780307124,0,-93.018780307124,7.23799820854849,0,-7.23799820854849
"347",37.8387451171875,-80.9971313476563,16,4,3.35876898090722e-05,3.92960438015861e-05,5.70835399251389e-06,0.335388518658974,0.320727831993941,-0.0146606866650327,4.02674177772978,4.16514646089994,0.138404683170156,289.587735211911,282.995086669922,-6.59264854198886,1.91044142698565e-05,0,-1.91044142698565e-05,290.077418396094,290.722219411814,0.644801015719736,291.410879742617,292.688399059696,1.2775193170782,704.004061124552,768.294150184912,64.2900890603595,0.283624395257642,0.25755913229226,-0.0260652629653813,0.411448457579124,0.360636141072599,-0.0508123165065257,88.4647077117027,0,-88.4647077117027,6.43429539283316,0,-6.43429539283316
"348",37.841552734375,-81.0652770996094,16,4,3.55340464161508e-05,3.75025760277206e-05,1.96852961156975e-06,0.327527002296653,0.312921038852169,-0.0146059634444848,3.51847366593842,3.68112144307194,0.162647777133518,291.688412824389,283.49267578125,-8.19573704313933,2.17224113719171e-05,0,-2.17224113719171e-05,291.110218120763,291.330894015195,0.220675894431793,292.472293877529,293.467152260537,0.994858383007568,824.833593929922,846.789148930526,21.9555550006033,0.354966821597154,0.166406512657295,-0.188560308939859,1.03645962367912,1.06244022626029,0.0259806025811713,93.281590501648,0,-93.281590501648,7.2284777391296,0,-7.2284777391296
"349",37.8443183898926,-81.1334228515625,16,4,3.3830039501392e-05,3.78151270317046e-05,3.98508753031262e-06,0.332583799845482,0.314088051932757,-0.0184957479127248,3.730378159091,3.77911226158468,0.0487341024936776,289.646203093879,283.561065673828,-6.08513742005124,1.95536222664529e-05,0,-1.95536222664529e-05,290.545807161852,291.261563608564,0.715756446712078,291.791365764904,293.396196337852,1.60483057294766,765.917168352398,844.781921391435,78.8647530390367,1.28953006412082,1.33445668369546,0.0449266195746383,0.327602965166449,0.335189638332345,0.00758667316589667,89.1527543392209,0,-89.1527543392209,6.43406217365074,0,-6.43406217365074
"350",37.8497543334961,-81.2696838378906,16,4,3.6194214268703e-05,3.87224492447074e-05,2.52823497600441e-06,0.331352225020833,0.315572720440163,-0.0157795045806703,3.75968836107825,3.87563975244506,0.115951391366812,291.795249492095,283.9384765625,-7.85677292959451,2.23059528561803e-05,0,-2.23059528561803e-05,291.166167829859,291.343535312071,0.177367482211707,292.571633932322,293.435674000788,0.864040068466295,835.274429862081,850.741380640596,15.4669507785144,1.03527927809348,1.0330784938046,-0.00220078428887938,1.11889493376101,1.14911664548065,0.0302217117196455,94.4709910669928,0,-94.4709910669928,7.37425058378175,0,-7.37425058378175
"351",37.8524208068848,-81.3378295898438,16,4,3.5667888953918e-05,3.89050751813938e-05,3.23718622747577e-06,0.33363916230293,0.317716603862904,-0.0159225584400258,3.97420725863204,3.98021924597585,0.00601198734381247,291.563670381991,283.706359863281,-7.85731051870994,2.21216772534926e-05,0,-2.21216772534926e-05,290.797069074846,290.915823104014,0.11875402916786,292.235176250776,292.996772740306,0.761596489529893,797.41356451566,805.44424679422,8.03068227856079,0.933248449581923,0.974956936870865,0.0417084872889424,0.426954897317286,0.439593466233921,0.0126385689166351,95.982279281727,0,-95.982279281727,7.43477692318961,0,-7.43477692318961
"352",37.855037689209,-81.406005859375,16,4,3.60937127424534e-05,3.82592916358182e-05,2.16557889336482e-06,0.332750425974956,0.315078830441637,-0.0176715955333192,4.04640950912084,3.98169719663441,-0.0647123124864364,291.79272751607,284.139221191406,-7.65350632466345,2.22081788580724e-05,0,-2.22081788580724e-05,291.238545090952,291.433703764321,0.195158673368496,292.547250017951,293.465674029692,0.918424011741195,849.088871619728,870.719650469348,21.6307788496196,0.307376695186014,0.32494767129649,0.0175709761104764,0.305670548034211,0.26779837394157,-0.0378721740926409,93.8002280881604,0,-93.8002280881604,7.359548743137,0,-7.359548743137
"353",37.8560295104981,-80.1758728027344,16,4,3.24865450502264e-05,2.76160905207908e-05,-4.87045452943554e-06,0.293414940738887,0.286529102199375,-0.00688583853951186,4.90772062692887,4.42453463057168,-0.483185996357192,290.481054462571,280.103851318359,-10.3772031442114,2.05793439174092e-05,0,-2.05793439174092e-05,289.682072385978,289.92885262936,0.24678024338175,291.354614230647,292.956273118818,1.60165888817045,671.927576074944,695.454917732956,23.527341658012,1.08807411651306,1.10835196003058,0.0202778435175279,0.178226601973052,0.0504115858885033,-0.127815016084549,95.0743671999183,0,-95.0743671999183,7.3788337441928,0,-7.3788337441928
"354",37.8576316833496,-81.4741516113281,16,4,3.47068705077858e-05,2.47938674155059e-05,-9.91300309227985e-06,0.269040063578017,0.274433403307907,0.00539333972989059,3.55560010926336,3.66004630846855,0.104446199205187,292.562655902066,284.998687744141,-7.56396815792527,2.2736257621996e-05,0,-2.2736257621996e-05,292.121923880283,292.731013551522,0.609089671239019,293.859126732955,296.141324953823,2.28219822086817,950.6347216019,1044.49183727185,93.8571156699463,1.00564885076713,1.16354309650501,0.157894245737889,0.452748897481829,0.585523701517627,0.132774804035798,94.4861670894996,0,-94.4861670894996,7.24405039078709,0,-7.24405039078709
"355",37.8592758178711,-80.2439880371094,16,4,3.47596930434766e-05,4.10928336416885e-05,6.33314059821192e-06,0.343047735131899,0.324088070791653,-0.0189596643402459,4.36021505665575,4.49622999501025,0.136014938354492,290.863988951387,281.112579345703,-9.75140960568399,2.18103661917849e-05,0,-2.18103661917849e-05,290.190706741689,290.350511512532,0.15980477084338,291.775014498702,292.342035389677,0.567020890974618,711.089087319207,711.684858768464,0.595771449257086,1.0237951022099,1.06816813147651,0.044373029266606,0.526030420895576,0.389111666502834,-0.136918754392743,95.1452724500292,0,-95.1452724500292,7.53536298363513,0,-7.53536298363513
"356",37.8601875305176,-81.5422973632813,16,4,3.46006816106106e-05,2.56715950157699e-05,-8.92908659484068e-06,0.275346804549495,0.278636271726603,0.0032894671771086,3.98427426916921,3.98730830657176,0.00303403740255259,292.051180358202,284.069244384766,-7.98193597343652,2.20833661864153e-05,0,-2.20833661864153e-05,291.305826256066,291.615899019274,0.310072763207643,292.82015333809,294.749508429024,1.929355090934,867.855243728803,918.683473748305,50.828230019502,1.09101135271271,1.12104190424899,0.0300305515362786,1.16333561543736,1.26239855989021,0.0990629444528535,95.8219408568121,0,-95.8219408568121,7.35561214401145,0,-7.35561214401145
"357",37.862476348877,-80.3121032714844,16,4,3.43491975233255e-05,4.01246510433798e-05,5.77545352005427e-06,0.350683026612654,0.324718346682327,-0.0259646799303266,4.94380359975701,4.43573399894258,-0.508069600814427,290.522515064502,280.736419677734,-9.78609538676795,2.13285104011186e-05,0,-2.13285104011186e-05,289.760844383627,289.817661303737,0.0568169201101227,291.230882617148,291.802707030337,0.571824413188835,674.258711436764,664.130373577244,-10.1283378595199,0.511493982232251,0.461414305509236,-0.0500796767230148,0.200062892927994,0.0657808673573873,-0.134282025570606,94.9583339178517,0,-94.9583339178517,7.54251179328423,0,-7.54251179328423
"358",37.865650177002,-80.3802185058594,16,4,3.53200951760277e-05,4.0775788287123e-05,5.45569311109529e-06,0.344780421798735,0.323429012623693,-0.0213514091750417,4.49292285625751,4.57413917117649,0.0812163149189749,291.090470892478,281.683258056641,-9.40721283583787,2.2201484134875e-05,0,-2.2201484134875e-05,290.413147918011,290.579297620418,0.166149702406585,291.972056161515,292.639598474949,0.667542313434296,726.803667285335,731.651529309688,4.84786202435316,1.32937968964461,1.29053105681103,-0.0388486328335735,0.422796987650579,0.318656445215493,-0.104140542435086,95.0175521299329,0,-95.0175521299329,7.58349725692433,0,-7.58349725692433
"359",37.871883392334,-80.5164794921875,16,4,3.53589874979823e-05,4.08138364913519e-05,5.45484899336954e-06,0.350073210568759,0.325293346324255,-0.0247798642445039,4.53735238262731,4.44303099314372,-0.0943213894835901,291.077283889474,281.928283691406,-9.14900019806817,2.20140329154395e-05,0,-2.20140329154395e-05,290.422788136791,290.615628946585,0.192840809794063,291.872659619049,292.578281388326,0.705621769276718,739.394628098374,749.79386633201,10.3992382336362,0.853797174195664,0.820926086903683,-0.0328710872919805,0.214312274592276,0.0632361289187667,-0.151076145673509,93.6843201426923,0,-93.6843201426923,7.55872807071377,0,-7.55872807071377
"360",37.8749389648438,-80.5846252441406,16,4,3.47611967796313e-05,3.55897990090739e-05,8.28602229442536e-07,0.315076811732888,0.300190639542673,-0.0148861721902157,4.75063792660705,4.43930007249881,-0.31133785410824,291.026770481886,281.9892578125,-9.03751266938588,2.16915696384087e-05,0,-2.16915696384087e-05,290.380563872807,290.669679820676,0.289115947868027,291.854010428656,293.021895085532,1.16788465687654,739.937331840471,766.290851527409,26.3535196869385,0.785409103970577,0.830259625206509,0.0448505212359321,-0.203043249683082,-0.358606426199372,-0.15556317651629,92.5071421365045,0,-92.5071421365045,7.47766868369672,0,-7.47766868369672
"361",37.8779640197754,-80.6527709960938,16,4,3.4650138140551e-05,4.07767081079283e-05,6.12656996737732e-06,0.35047526146241,0.330630599523919,-0.0198446619384904,4.61061763763428,4.66915141211616,0.0585337744818792,290.584492598349,281.602203369141,-8.98228922920845,2.09117291705994e-05,0,-2.09117291705994e-05,289.85227280383,289.943469144832,0.0911963410026715,291.261078888695,291.75804897999,0.496970091295623,690.067684393956,686.3151901623,-3.75249423165599,0.744979416464155,0.758689290907635,0.0137098744434796,-0.382644726941602,-0.555538751235331,-0.172894024293729,92.8737882725418,0,-92.8737882725418,7.38459066923483,0,-7.38459066923483
"362",37.8809623718262,-80.7209167480469,16,4,3.42055099134237e-05,4.02167783929027e-05,6.01126847947896e-06,0.346656212590811,0.328193593377641,-0.0184626192131702,4.40310872721876,4.3858909525423,-0.0172177746764621,290.539506588624,281.735748291016,-8.80375829760834,2.09901775658027e-05,0,-2.09901775658027e-05,289.81478818269,289.936234598973,0.121446416283334,291.293714067277,291.851934076098,0.558220008821593,689.980393584354,688.229544812049,-1.75084877230495,1.16184897432791,1.19108088083593,0.0292319065080175,0.00507136228334366,-0.157425338277234,-0.162496700560578,93.7291174349553,0,-93.7291174349553,7.36907204653612,0,-7.36907204653612
"363",37.883918762207,-80.7890625,16,4,3.28874198882124e-05,3.83243843444427e-05,5.43696445623028e-06,0.347604208153477,0.32825102457584,-0.0193531835776367,4.47161735632481,4.35332083905864,-0.118296517266168,289.91487367972,281.090209960938,-8.82466371878201,1.96765075118748e-05,0,-1.96765075118748e-05,289.034883672664,289.031865105503,-0.00301856716180282,290.46041754936,291.000075900047,0.539658350687262,620.919846576644,606.488023927284,-14.4318226493593,0.705646782091416,0.700275805018541,-0.00537097707287459,0.0174336647599293,-0.152411624221182,-0.169845288981111,93.5569064938957,0,-93.5569064938957,7.16518221104785,0,-7.16518221104785
"364",37.8868255615234,-80.8572387695313,16,4,3.30631152541576e-05,3.8053399219203e-05,4.99028396504534e-06,0.349238935623896,0.327212520100897,-0.0220264155229991,4.63906138167422,4.33039225064791,-0.308669131026308,290.091309463042,281.445434570312,-8.64587489272941,1.99566385504766e-05,0,-1.99566385504766e-05,289.25713219489,289.279517658839,0.0223854639489218,290.632529339036,291.217175734134,0.58464639509873,639.223389151194,630.33493281105,-8.8884563401441,0.779445628869286,0.774802499265789,-0.00464312960349789,-0.132552221004077,-0.311964937041793,-0.179412716037716,93.1822726270928,0,-93.1822726270928,7.20518191682912,0,-7.20518191682912
"365",37.8897018432617,-80.9254150390625,16,4,3.37913981015385e-05,3.86462996855445e-05,4.85490158400599e-06,0.349840261050077,0.327637476702989,-0.0222027843470874,4.75326601664225,4.36410540393275,-0.389160612709502,290.111663334816,281.576782226562,-8.53488110825327,2.00287803766691e-05,0,-2.00287803766691e-05,289.258810707868,289.254868561546,-0.00394214632160583,290.574263445185,291.154427689846,0.580164244660125,639.64895862047,626.424686071138,-13.2242725493328,0.656976857536836,0.597839057223867,-0.0591378003129699,0.425445222188981,0.329508352111285,-0.0959368700776959,94.3925922963268,0,-94.3925922963268,7.27874058074019,0,-7.27874058074019
"366",37.8925552368164,-80.9935607910156,16,4,3.39753062723296e-05,3.82393276046354e-05,4.26402133230583e-06,0.343191878963975,0.323728900064544,-0.0194629788994312,4.24721136663714,4.19769395518507,-0.0495174114520731,290.498110428386,282.050109863281,-8.44800056510491,2.02237702586495e-05,0,-2.02237702586495e-05,289.710737839954,289.727526886981,0.0167890470265775,290.854138877397,291.562145611432,0.708006734034711,688.287316810506,680.176807373259,-8.11050943724774,-0.592065282386524,-0.771714697916367,-0.179649415529843,0.171216037615264,0.0662315760890278,-0.104984461526236,93.5580823828428,0,-93.5580823828428,7.21885266646067,0,-7.21885266646067
"367",37.8953628540039,-81.0617370605469,16,4,3.63200574757865e-05,3.7365299347568e-05,1.04524187178154e-06,0.320967504124938,0.308979376521806,-0.0119881276031321,3.28451689695701,3.49069476331401,0.206177866357005,292.399517084454,284.205596923828,-8.19392016062602,2.22940210573269e-05,0,-2.22940210573269e-05,291.860716942177,292.175247434155,0.314530491977507,293.246236131861,294.456457177791,1.21022104593027,907.795396206003,943.697718346407,35.9023221404046,0.78848155711307,0.71459660782511,-0.0738849492879607,1.01795585359714,0.963099658731177,-0.0548561948659606,94.1484654020012,0,-94.1484654020012,7.19281475613972,0,-7.19281475613972
"368",37.898136138916,-81.1299133300781,16,4,3.59231718852242e-05,3.89082395955929e-05,2.98506771036872e-06,0.330320490617355,0.316896190209911,-0.0134243004074434,3.73854152972882,3.9647588811369,0.226217351408086,291.749179689999,283.519775390625,-8.22940429937421,2.20223589155187e-05,0,-2.20223589155187e-05,291.019741773478,291.126473960449,0.106732186970589,292.287642924625,293.177637834703,0.889994910078713,824.873709929066,828.378266909795,3.50455698072847,0.370094622180643,0.355068899222651,-0.0150257229579924,0.951559689117663,0.980139029657895,0.0285793405402325,95.4151454425052,0,-95.4151454425052,7.35121402934987,0,-7.35121402934987
"369",37.9008636474609,-81.1981201171875,16,4,3.66860925434179e-05,3.88179182536963e-05,2.13182571027848e-06,0.331080743715032,0.314441831423328,-0.0166389122917036,3.87333271646092,3.87442952343541,0.00109680697449255,291.955255178024,283.931243896484,-8.02401128153963,2.2521680234847e-05,0,-2.2521680234847e-05,291.311195464539,291.469999202316,0.158803737776907,292.643430476556,293.592585749233,0.949155272676876,853.415570836021,866.716595081294,13.3010242452726,0.776660047080805,0.737886409526033,-0.038773637554772,1.45376900107029,1.53249392527398,0.0787249242036834,94.9887920205652,0,-94.9887920205652,7.38958256801042,0,-7.38958256801042
"370",37.9035682678223,-81.2662963867188,16,4,3.66183237782322e-05,3.83571271038975e-05,1.73880332566536e-06,0.332633271871756,0.313499653496701,-0.0191336183750547,4.02505551036607,3.7575807815943,-0.267474728771764,291.902781655785,284.162933349609,-7.7398483061761,2.27546081903524e-05,0,-2.27546081903524e-05,291.31242261129,291.549983185722,0.237560574431541,292.732414306728,293.703127159647,0.970712852919462,850.464301830544,874.729972081611,24.2656702510671,1.31189953810696,1.36838445920133,0.0564849210943661,0.790097679352847,0.809125990648751,0.0190283112959041,95.3558452257007,0,-95.3558452257007,7.44812325008501,0,-7.44812325008501
"371",37.9062271118164,-81.33447265625,16,4,3.6764158529734e-05,3.93437319441306e-05,2.57957341439661e-06,0.333164648797369,0.315340193990304,-0.0178244548070647,4.19969478835407,3.87858561980419,-0.321109168549888,291.981825779824,284.244262695312,-7.73756308451186,2.26467788014048e-05,0,-2.26467788014048e-05,291.391906463911,291.577921254282,0.186014790371132,292.727011152406,293.615324403757,0.888313251350667,861.128769257836,879.432763686445,18.303994428609,0.759388032539835,0.808091701762727,0.0487036692228917,0.984447787243271,0.980252918594187,-0.00419486864908336,94.861576889341,0,-94.861576889341,7.44048890680637,0,-7.44048890680637
"372",37.9088554382324,-81.4026794433594,16,4,3.69605901414669e-05,3.86066379770579e-05,1.64604783559101e-06,0.330708009867836,0.312607660867739,-0.0181003490000968,3.96850693531525,3.76782674055833,-0.200680194756923,292.144145376767,284.180480957031,-7.96366441973549,2.24619403971206e-05,0,-2.24619403971206e-05,291.528792669409,291.649560684875,0.120768015465785,292.704553958295,293.720776145518,1.01622218722355,886.932602269834,900.222780710114,13.2901784402801,1.28871819308896,1.32193691550596,0.0332187224169977,1.34797472385735,1.38235424704792,0.0343795231905679,94.9717934896345,0,-94.9717934896345,7.39951121706621,0,-7.39951121706621
"373",37.9098014831543,-80.1717224121094,16,4,3.44463036294956e-05,4.00609283111604e-05,5.61462468166485e-06,0.346655498573963,0.324005565119422,-0.0226499334545413,4.78343534877158,4.36598417494032,-0.417451173831255,290.664018304657,280.594085693359,-10.069932611298,2.15095136480888e-05,0,-2.15095136480888e-05,290.041344535166,290.181833154136,0.140488618969869,291.53417004651,292.192907207395,0.658737160884925,702.138511912653,703.918341529391,1.77982961673774,0.708189675067188,0.745607441195855,0.0374177661286665,0.61088838104496,0.517619759037584,-0.093268622007376,95.0422300537211,0,-95.0422300537211,7.51321096531342,0,-7.51321096531342
"374",37.9114494323731,-81.4708862304688,16,4,3.39000834391078e-05,2.48058138764764e-05,-9.09426956263141e-06,0.274576639902136,0.276312089871528,0.00173544996939179,3.88214639516977,3.58478142664983,-0.297364968519945,291.944833922221,283.94970703125,-7.99512689097065,2.1782459741854e-05,0,-2.1782459741854e-05,291.199924430283,291.513635679859,0.313711249575761,292.712644408941,294.634284721865,1.92164031292424,854.615224497544,906.192302479048,51.5770779815036,0.376758751598198,0.358218611125216,-0.018540140472982,0.619961343284978,0.65178079275596,0.0318194494709823,94.6175672100313,0,-94.6175672100313,7.26572663439418,0,-7.26572663439418
"375",37.9130439758301,-80.2398986816406,16,4,3.45487517567178e-05,3.93641167312091e-05,4.8153649744913e-06,0.348171801452049,0.321213161255465,-0.0269586401965847,4.9610102726863,4.27496812282464,-0.686042149861654,290.657919934154,280.898834228516,-9.75908570563814,2.15145019989185e-05,0,-2.15145019989185e-05,289.985099823721,290.138706217462,0.153606393741768,291.519229858355,292.271046048151,0.75181618979633,695.495102126082,701.187294173869,5.69219204778676,1.25221587319574,1.29439752599153,0.0421816527957923,0.202612249960141,0.117075464941331,-0.0855367850188098,94.9447768382968,0,-94.9447768382968,7.53150375317056,0,-7.53150375317056
"376",37.9162559509277,-80.3080444335938,16,4,3.50300012201328e-05,3.95929344415605e-05,4.56293322142773e-06,0.346600539526026,0.321105396002,-0.025495143524025,4.94177086332924,4.42014023381421,-0.521630629515037,290.910429715643,281.2646484375,-9.64578127814332,2.19198355126444e-05,0,-2.19198355126444e-05,290.218183346654,290.373963426478,0.155780079824467,291.728885280507,292.478995686009,0.750110405502085,717.706138094747,724.896137788299,7.18999969355218,0.594775716579339,0.442600215788081,-0.152175500791258,0.605831846679847,0.545498088848076,-0.0603337578317713,94.9480297223956,0,-94.9480297223956,7.56456408730919,0,-7.56456408730919
"377",37.9225578308106,-80.4443969726563,16,4,3.47468959871967e-05,3.92796301346494e-05,4.53273414745272e-06,0.351065213432065,0.322524729149822,-0.0285404842822433,4.73459010654026,4.17647033267551,-0.558119773864746,290.787719191405,281.464141845703,-9.32357734570155,2.13176697979776e-05,0,-2.13176697979776e-05,290.114828247266,290.302596741646,0.18776849438035,291.578497116689,292.368025646784,0.789528530094344,712.698048442369,725.571771103101,12.8737226607323,1.09941961557099,1.07557875449269,-0.0238408610783047,-0.00273357000908236,-0.135371333177613,-0.132637763168531,93.1290525240774,0,-93.1290525240774,7.46231915068975,0,-7.46231915068975
"378",37.9256553649902,-80.5125732421875,16,4,3.48153126737264e-05,4.06160699786893e-05,5.80075730496289e-06,0.354747509590795,0.327494303403545,-0.02725320618725,4.89983167403784,4.45534172221127,-0.444489951826568,290.788269211394,281.743896484375,-9.04437272701904,2.1669418178158e-05,0,-2.1669418178158e-05,290.182399256025,290.388139072423,0.205739816397738,291.662140664075,292.299849263158,0.637708599083112,721.392468698096,733.479434147287,12.086965449191,0.668258814726153,0.785719761959722,0.117460947233569,0.0174637271910218,-0.160235071173689,-0.177698798364711,92.6199752493694,0,-92.6199752493694,7.50907962235015,0,-7.50907962235015
"379",37.9287300109863,-80.5807495117188,16,4,3.41686239565936e-05,4.04883591704913e-05,6.31973521389767e-06,0.357351976838934,0.33123543203535,-0.0261165448035849,4.92652162731203,4.69687496902596,-0.22964665828607,290.346932417815,281.080963134766,-9.2659692830498,2.04420982227375e-05,0,-2.04420982227375e-05,289.6052338619,289.624066478314,0.0188326164138743,290.824373646947,291.330587190476,0.506213543528361,678.936348186852,667.686132495857,-11.2502156909943,0.915910271279834,0.860908615510539,-0.0550016557692955,-0.793450899012363,-1.04638707698372,-0.252936177971355,92.0556104697668,0,-92.0556104697668,7.32236770626429,0,-7.32236770626429
"380",37.9347457885742,-80.7171630859375,16,4,3.3001135429871e-05,3.95666029839675e-05,6.56546755409655e-06,0.349607426781278,0.331700676166414,-0.0179067506148644,4.69705136617025,4.72655242528671,0.0295010591164617,289.963081660041,281.226043701172,-8.73703795886877,1.97462376401011e-05,0,-1.97462376401011e-05,289.189893763622,289.229217659691,0.0393238960688791,290.593776488954,291.035421158551,0.441644669597792,633.70327367607,624.366263925803,-9.33700975026704,0.917216867111071,0.952457314813328,0.0352404477022571,-0.261962263206747,-0.39633929688564,-0.134377033678892,92.5479286376845,0,-92.5479286376845,7.16979809790533,0,-7.16979809790533
"381",37.9376983642578,-80.7853393554688,16,4,3.34689357510423e-05,3.88623586478948e-05,5.39342289685249e-06,0.350436913463353,0.329713677932741,-0.0207232355306119,4.80840030898396,4.61554763663528,-0.192852672348674,290.060369102094,281.433624267578,-8.62674483451553,2.01585198072426e-05,0,-2.01585198072426e-05,289.249562295238,289.281380915357,0.0318186201190542,290.662269139982,291.169541263699,0.507272123717428,640.444950502965,630.263287734025,-10.1816627689399,0.786050728412448,0.758419942252995,-0.0276307861594521,0.432680178451792,0.367841309136066,-0.0648388693157254,93.5142746329157,0,-93.5142746329157,7.26637839186354,0,-7.26637839186354
"382",37.9406204223633,-80.8535461425781,16,4,3.30163393483024e-05,3.88257539643474e-05,5.80941461604502e-06,0.349693210658567,0.329961540010002,-0.0197316706485652,4.66500536600749,4.55342579703046,-0.11157956897703,289.979880733806,281.458404541016,-8.52147619279015,1.96650000513878e-05,0,-1.96650000513878e-05,289.122499957296,289.11946770422,-0.00303225307590083,290.468019930646,290.985327757485,0.517307826838987,627.35905513791,613.326331515875,-14.0327236220348,0.537925588731572,0.526245489287273,-0.011680099444299,0.59137642236848,0.535643762422468,-0.0557326599460115,93.1846393782441,0,-93.1846393782441,7.19049475802971,0,-7.19049475802971
"383",37.9435005187988,-80.9217529296875,16,4,3.40217868826419e-05,3.89976988086669e-05,4.97591192602493e-06,0.345618857778125,0.325993311664898,-0.019625546113227,4.44914431449695,4.33423681340666,-0.114907501090286,290.439392980868,282.044982910156,-8.39441007071167,2.04135893794689e-05,0,-2.04135893794689e-05,289.635188660461,289.690655230712,0.0554665702505872,290.982686615126,291.610703989728,0.628017374602052,673.433250007012,667.691083454854,-5.74216655215866,0.930822204619005,0.900367295585124,-0.0304549090338814,0.742108097030128,0.729611040393069,-0.0124970566370595,94.1226672148848,0,-94.1226672148848,7.28961545490755,0,-7.28961545490755
"384",37.9463500976563,-80.989990234375,16,4,3.50077247312376e-05,3.99949994438007e-05,4.98727471256311e-06,0.341161229120936,0.324852040116767,-0.0163091890041687,4.2809384826921,4.50199146759816,0.221052984906058,290.858983370425,282.349426269531,-8.50955710089335,2.05347522726875e-05,0,-2.05347522726875e-05,290.112035182568,290.103169815256,-0.00886536731144361,291.178509443791,291.85377105012,0.675261606328831,735.017674225338,720.258087033657,-14.759587191681,-0.349610980400542,-0.593002985675273,-0.243392005274731,1.23797234519599,1.26634763258852,0.0283752873925254,93.6161065146876,0,-93.6161065146876,7.24592686327389,0,-7.24592686327389
"385",37.9491577148438,-81.0581970214844,16,4,3.5362724365083e-05,3.3696745378299e-05,-1.66597898678399e-06,0.290576805525591,0.290074380596502,-0.000502424929088752,3.41424373072437,3.65927150106838,0.245027770344009,292.310395159118,284.14404296875,-8.16635219036777,2.19894674704246e-05,0,-2.19894674704246e-05,291.79364849007,292.133177309204,0.339528819133875,293.207111127058,294.663007652333,1.45589652527519,903.394802495386,944.153435183358,40.7586326879725,0.493271805517749,0.457236005611899,-0.0360357999058501,1.07199517290455,1.04263366784835,-0.0293615050561964,93.3302882497426,0,-93.3302882497426,7.14876222914923,0,-7.14876222914923
"386",37.9519309997559,-81.1264343261719,16,4,3.39016315219996e-05,3.81554260729607e-05,4.25379455096106e-06,0.324693923584291,0.312932262373221,-0.0117616612110695,3.46224131950965,3.65371171837179,0.191470398862138,290.285744054304,284.335601806641,-5.95014224766368,1.97623231494033e-05,0,-1.97623231494033e-05,291.208215470031,291.949832605895,0.741617135864033,292.520603763308,294.133664196871,1.61306043356279,829.1985178075,914.654948918153,85.4564311106528,0.811544834673306,0.862540643107226,0.0509958084339197,1.03165509843268,1.07241719327,0.0407620948373213,89.001300797629,0,-89.001300797629,6.30349659481618,0,-6.30349659481618
"387",37.9546661376953,-81.1946411132813,16,4,3.55100595601268e-05,3.71741935542835e-05,1.66413399415674e-06,0.327798468823325,0.313225928392246,-0.0145725404310793,3.88159977676522,3.73301971468151,-0.148580062083709,291.840513686088,283.860198974609,-7.98031471147857,2.19920751466288e-05,0,-2.19920751466288e-05,291.112316314279,291.272775414704,0.160459100425442,292.511426716825,293.450517431323,0.939090714497922,831.993174723743,847.500684611466,15.5075098877237,0.600533898018094,0.599289325618371,-0.00124457239972364,0.623556778861594,0.66136982028992,0.0378130414283265,95.0873802850381,0,-95.0873802850381,7.28923154545997,0,-7.28923154545997
"388",37.9573669433594,-81.2628784179688,16,4,3.64350154165415e-05,3.78468316633352e-05,1.4118162467937e-06,0.324999995458024,0.311215683850361,-0.0137843116076631,3.84391328208467,3.75925378717928,-0.0846594949053903,292.295478966136,284.506378173828,-7.78910079230741,2.26248699210866e-05,0,-2.26248699210866e-05,291.704190002083,291.96187127704,0.257681274957349,293.123598410817,294.176574106677,1.05297569585946,897.836921262671,927.124628803902,29.2877075412312,1.3127870892721,1.33639130698835,0.0236042177162554,0.837792727739636,0.856915177666942,0.0191224499273064,95.098664043106,0,-95.098664043106,7.29624234544585,0,-7.29624234544585
"389",37.960033416748,-81.3311157226563,16,4,3.36513981745287e-05,2.50349219893884e-05,-8.61647618514029e-06,0.272141824393685,0.275862124963908,0.00372030057022321,4.05459164350461,3.8306651971279,-0.223926446376703,291.963400578783,283.846649169922,-8.11675140886138,2.15669459033832e-05,0,-2.15669459033832e-05,291.201856502121,291.519164104574,0.317307602453013,292.74472669887,294.662239763349,1.91751306447901,855.453872837452,906.045573884652,50.5917010472004,0.852833464945785,0.904432537667112,0.051599072721327,0.996414076545023,1.0479141524876,0.0515000759425758,94.8688468519285,0,-94.8688468519285,7.16651808783924,0,-7.16651808783924
"390",37.9626617431641,-81.3993835449219,16,4,3.41312272913993e-05,2.4710150724037e-05,-9.42107656736228e-06,0.272268518833359,0.273956748310232,0.00168822947687286,3.81002298990885,3.56818401304066,-0.241838976868197,292.169785912317,284.345611572266,-7.824174340051,2.2128880081133e-05,0,-2.2128880081133e-05,291.558668688393,291.988963394206,0.430294705812457,293.124371751891,295.199550265325,2.07517851343442,888.495291964555,958.750563422832,70.2552714582772,0.662398955839251,0.707690190900738,0.0452912350614871,0.497251957742902,0.564194788515567,0.0669428307726653,94.5919485147681,0,-94.5919485147681,7.24020526317794,0,-7.24020526317794
"391",37.9635734558106,-80.1676025390625,16,4,3.35410238805408e-05,3.37097911331626e-05,1.68767252621851e-07,0.30672308515697,0.295364514794429,-0.0113585703625402,4.29182608514769,3.99384587442773,-0.297980210719965,290.821975479819,280.818756103516,-10.0032193763031,2.10123093758844e-05,0,-2.10123093758844e-05,290.299371478607,290.602610841561,0.30323936295332,291.849816410444,293.1899351229,1.34011871245525,733.619382614705,763.154027579821,29.5346449651159,0.913151729034173,1.0541850903173,0.141033361283124,0.230980648993618,0.110013386366746,-0.120967262626872,93.6355491627697,0,-93.6355491627697,7.28600917823062,0,-7.28600917823062
"392",37.9668235778809,-80.2357788085938,16,4,3.33945306425319e-05,4.07131271213322e-05,7.31859647880025e-06,0.346213265200283,0.32848633574685,-0.0177269294534329,4.66013481270554,4.77491172562298,0.114776912917439,290.239350557794,280.267242431641,-9.97210812615356,2.02622596693899e-05,0,-2.02622596693899e-05,289.453158867068,289.467269946359,0.0141110792902168,290.916231165922,291.356824043957,0.440592878035034,657.478094017415,641.213988331986,-16.2641056854286,1.29042535268472,1.2791689655482,-0.0112563871365137,-0.0854123826176085,-0.240607013824212,-0.155194631206604,94.1703039884185,0,-94.1703039884185,7.27021703377263,0,-7.27021703377263
"393",37.9700317382813,-80.3040161132813,16,4,3.32756080317201e-05,3.43276946779146e-05,1.05208664619456e-06,0.306619691742242,0.297784233765896,-0.00883545797634577,4.6236958218436,4.53616986315475,-0.0875259586888504,290.6855958107,281.027038574219,-9.6585572364811,2.08182275993326e-05,0,-2.08182275993326e-05,290.045054303469,290.277889795696,0.232835492226968,291.543085178065,292.744131850585,1.20104667252019,712.877536111585,733.476097368716,20.5985612571308,0.407390956934573,0.251181819190369,-0.156209137744204,0.366945442466411,0.264757598979103,-0.102187843487308,93.6289917704309,0,-93.6289917704309,7.24545786746287,0,-7.24545786746287
"394",37.9763450622559,-80.4404296875,16,4,3.48532113788287e-05,3.96490634466054e-05,4.79585206777674e-06,0.351282282728614,0.323841041622185,-0.0274412411064286,4.72678471426679,4.28013436407106,-0.44665035019573,290.866206675253,281.706634521484,-9.15957215376886,2.1727867278572e-05,0,-2.1727867278572e-05,290.289903007454,290.499578140799,0.209675133345002,291.771267236754,292.562600234787,0.791332998032999,734.8734601388,748.358630625191,13.4851704863916,0.566341576047002,0.491502576040744,-0.0748390000062581,0.101010710848811,-0.0660670195932102,-0.167077730442021,93.6607035029708,0,-93.6607035029708,7.49928807228696,0,-7.49928807228696
"395",37.9825172424316,-80.576904296875,16,4,3.16153906168767e-05,4.06340186318462e-05,9.01862801496954e-06,0.372244027330981,0.345218797545109,-0.0270252297858719,6.17811590993506,5.66087080474593,-0.517245105189136,288.674785022488,279.617401123047,-9.05738389944082,1.78385867725098e-05,0,-1.78385867725098e-05,287.754140703454,287.647233465547,-0.106907237906739,289.146360079844,289.302177493038,0.155817413194256,515.785521563625,488.14638045386,-27.6391411097658,1.02889300026338,1.05452578963779,0.0256327893744139,-0.478222261089347,-0.674310725723786,-0.196088464634439,91.7640098778921,0,-91.7640098778921,7.02417744699722,0,-7.02417744699722
"396",37.985538482666,-80.6451416015625,16,4,3.34738310211542e-05,3.89896498229314e-05,5.51581880177722e-06,0.356374381006942,0.331384579643928,-0.0249898013630137,5.00309890355819,4.67358486468975,-0.32951403886844,289.858116067048,280.831817626953,-9.02629844009482,1.94740875132044e-05,0,-1.94740875132044e-05,289.039830304771,289.016245228892,-0.0235850758795664,290.298940502708,290.750606236009,0.451665733300729,629.611238053875,615.128751905092,-14.4824861487823,0.501653973856174,0.421603486388154,-0.0800504874680195,-0.430845126550558,-0.70150160184657,-0.270656475296012,92.3195434633592,0,-92.3195434633592,7.20748153789384,0,-7.20748153789384
"397",37.9885330200195,-80.71337890625,16,4,3.34122411080266e-05,3.86375647175684e-05,5.22532360954181e-06,0.355396792336367,0.329490745039874,-0.0259060472964933,4.97117034390441,4.55405033144176,-0.417120012462649,290.057097120049,281.442321777344,-8.61477534270529,1.99977647319605e-05,0,-1.99977647319605e-05,289.31254215794,289.380184329106,0.0676421711660282,290.588854941351,291.163802978342,0.574948036991145,646.579881378981,643.422673495648,-3.15720788333238,0.117730493522741,0.091296793710284,-0.0264336998124567,-0.101418472408799,-0.227229856308489,-0.12581138389969,91.8484218294829,0,-91.8484218294829,7.27805815946735,0,-7.27805815946735
"398",37.9914855957031,-80.7816162109375,16,4,3.37675907419779e-05,3.92351799822211e-05,5.46758924024324e-06,0.350079065527338,0.329985477434176,-0.0200935880931614,4.70632525386973,4.55844421060676,-0.14788104326297,290.106605810947,281.772430419922,-8.33417539102487,2.03846692775573e-05,0,-2.03846692775573e-05,289.364825761634,289.465613980639,0.100788219004357,290.752071853972,291.331986554815,0.579914700842778,648.872571003099,645.896060816901,-2.97651018619797,0.965411671442328,0.984057558228273,0.0186458867859449,0.129903160140351,0.0786449450670988,-0.0512582150732522,93.7748160898467,0,-93.7748160898467,7.29620725938044,0,-7.29620725938044
"399",37.9944114685059,-80.8498840332031,16,4,3.35185000850621e-05,4.02206748448573e-05,6.70217475979517e-06,0.351964527551063,0.333307021530801,-0.0186575060202618,4.7500184703077,4.97085863097101,0.220840160663311,289.913306044921,281.502960205078,-8.41034583984288,1.97798631857557e-05,0,-1.97798631857557e-05,289.088215229455,289.061024836125,-0.0271903933293629,290.360508203464,290.783949626687,0.423441423222926,628.376551290709,609.816171915923,-18.560379374786,0.324919156316908,0.239940490325912,-0.0849786659909955,0.655526537172705,0.655535172759272,8.63558656727381e-06,94.1878614345821,0,-94.1878614345821,7.25239049187051,0,-7.25239049187051
"400",37.9972953796387,-80.9181518554688,16,4,3.46626253849641e-05,3.99236678903973e-05,5.26104250543319e-06,0.344835987891912,0.326804991104524,-0.0180309967873878,4.4496089576656,4.47475288260696,0.0251439249413652,290.663188106461,282.3037109375,-8.35947716896146,2.07854459915962e-05,0,-2.07854459915962e-05,289.875220563799,289.894078992749,0.0188584289496703,291.11071213119,291.712565868419,0.601853737229249,701.324534912747,690.877763607572,-10.446771305175,0.493120831663721,0.397500893198568,-0.095619938465153,1.03790420610832,1.06435321271824,0.0264490066099146,94.3862942816888,0,-94.3862942816888,7.33585677510192,0,-7.33585677510192
"401",38.0001449584961,-80.9863891601563,16,4,3.61129664544578e-05,3.88395610214808e-05,2.72659456702296e-06,0.331019926340698,0.315396295256551,-0.0156236310841478,3.87626480852437,3.85734025025979,-0.0189245582645774,292.000055075074,283.611480712891,-8.38857436218314,2.1707725878498e-05,0,-2.1707725878498e-05,291.411080524593,291.536776447075,0.125695922482066,292.504913188818,293.463396327403,0.958483138584427,865.984661811424,873.000924038245,7.01626222682046,-0.00829652765488422,-0.404835660680146,-0.396539133025262,1.52738414706829,1.61726641271703,0.0898822656487419,92.4917180750493,0,-92.4917180750493,7.28402411415695,0,-7.28402411415695
"402",38.0029525756836,-81.0546569824219,16,4,3.6118305474524e-05,3.88558301222969e-05,2.73752464777291e-06,0.332521113471054,0.315589764138038,-0.0169313493330156,3.92258821797167,3.96032872974363,0.0377405117719603,292.054126616579,284.125823974609,-7.92830264196925,2.26636836453794e-05,0,-2.26636836453794e-05,291.550095101618,291.814937776956,0.264842675337945,292.957105090912,293.827966509074,0.870861418161894,869.696782923731,895.497556077955,25.8007731542233,1.07439055743246,1.08014458642203,0.00575402898957189,0.79928895989817,0.798115526202435,-0.00117343369573464,94.1234595369822,0,-94.1234595369822,7.42819097252536,0,-7.42819097252536
"403",38.0057258605957,-81.1229248046875,16,4,3.60091080122885e-05,3.79294381994692e-05,1.92033018718071e-06,0.334028853601263,0.314421851859783,-0.0196070017414796,4.18285976312099,3.85100096515101,-0.331858797969981,291.885917605169,283.968292236328,-7.91762536884056,2.24306159076233e-05,0,-2.24306159076233e-05,291.166474812137,291.350441314496,0.183966502358942,292.530240964015,293.502247201011,0.972006236995412,828.316038170138,845.59951785032,17.283479680182,0.641117154400784,0.697176056982434,0.0560589025816497,0.671748865205006,0.668007374491539,-0.00374149071346641,94.6112129450055,0,-94.6112129450055,7.44051011034797,0,-7.44051011034797
"404",38.0084686279297,-81.1912231445313,16,4,3.54591584884674e-05,3.2517465299398e-05,-2.9416931890694e-06,0.293284531539475,0.289555725708368,-0.00372880583110707,4.18312984857804,3.72446531312078,-0.458664535457252,292.180655489109,284.213897705078,-7.96675778403068,2.21617329521757e-05,0,-2.21617329521757e-05,291.530098313217,291.80125708951,0.271158776292566,292.931185113337,294.410894509713,1.47970939637588,879.281751239292,915.533831904452,36.2520806651602,0.679966908761505,0.66234225129361,-0.0176246574678944,1.15950342866061,1.1934129834575,0.0339095547968935,94.1226508680042,0,-94.1226508680042,7.23440767029436,0,-7.23440767029436
"405",38.0111694335938,-81.2594909667969,16,4,3.56245587804105e-05,3.1537820730408e-05,-4.08673805000246e-06,0.294328844907266,0.286855750136079,-0.00747309477118724,4.08410421192137,3.47819975502471,-0.605904456896659,292.158288049384,284.385681152344,-7.77260689704002,2.23117316181994e-05,0,-2.23117316181994e-05,291.527033939806,291.883818585826,0.356784646019094,292.979087708704,294.577789828216,1.59870211951181,876.611196425354,929.051084583276,52.4398881579225,0.960502627352647,1.03601766211628,0.075515034763636,0.759211461078941,0.784325720525908,0.0251142594469671,94.4250557489928,0,-94.4250557489928,7.27604299528003,0,-7.27604299528003
"406",38.013843536377,-81.3277587890625,16,4,3.6036726364951e-05,3.18082988324835e-05,-4.22842753246755e-06,0.294435318536859,0.286167500996576,-0.00826781754028294,3.99989170498318,3.50468010372586,-0.495211601257324,292.31846884058,284.474090576172,-7.84437826440836,2.23222717335537e-05,0,-2.23222717335537e-05,291.703359160068,292.028542519804,0.325183359736627,293.031173649007,294.670328540608,1.63915489160104,901.038314551932,950.119583987442,49.0812694355103,0.833666548584817,0.839819103392328,0.00615255480751109,0.88057110529454,0.942017515308941,0.0614464100144014,94.2409923941703,0,-94.2409923941703,7.27565166878386,0,-7.27565166878386
"407",38.0173492431641,-80.1634521484375,16,4,3.35118573732996e-05,3.94112045799494e-05,5.89934720664976e-06,0.348988070644973,0.326417369767692,-0.022570700877281,4.35812210017799,4.32514696039705,-0.032975139780941,290.192196409155,279.982543945312,-10.2096524638427,2.03167966830288e-05,0,-2.03167966830288e-05,289.405662616759,289.482891792459,0.0772291757000403,290.929676397513,291.516127102991,0.586450705478171,653.870505551449,647.687927366865,-6.18257818458403,1.10723596079121,1.11273007682654,0.00549411603533301,-0.0412269634968869,-0.203941244302801,-0.162714280805914,94.0937970622977,0,-94.0937970622977,7.32011142419005,0,-7.32011142419005
"408",38.0205955505371,-80.231689453125,16,4,3.32893043014997e-05,4.08176975468639e-05,7.52839324536413e-06,0.349050897288486,0.330083768085927,-0.0189671292025593,4.74525377485487,4.88089880984054,0.135645034985664,290.065540264144,280.387268066406,-9.67827219773767,2.01485818935205e-05,0,-2.01485818935205e-05,289.346558798881,289.442922634609,0.0963638357278001,290.884233015297,291.38756486167,0.503331846373328,645.827814626965,640.695563759045,-5.13225086791942,0.777611605695288,0.763481048791634,-0.0141305569036535,0.396542168286161,0.284574483892518,-0.111967684393643,93.6287791788132,0,-93.6287791788132,7.28409011568426,0,-7.28409011568426
"409",38.023811340332,-80.2999572753906,16,4,3.37700789829377e-05,3.58911695754364e-05,2.12109059249869e-06,0.307537442759324,0.299463308365405,-0.00807413439391896,4.46739636119614,4.47176467862904,0.00436831743289279,290.807592768548,281.366882324219,-9.440710444329,2.09276698173653e-05,0,-2.09276698173653e-05,290.207389930697,290.465874781786,0.258484851089406,291.723074977033,292.857188663004,1.13411368597053,728.692977014263,749.325421062833,20.6324440485702,0.692205900404284,0.716403995432186,0.0241980950279025,0.254302868308652,0.0952514398759878,-0.159051428432664,93.2180279071048,0,-93.2180279071048,7.25893227318897,0,-7.25893227318897
"410",38.026985168457,-80.3682250976563,16,4,3.38390143368562e-05,4.03790186851365e-05,6.54000434828034e-06,0.347925019375376,0.327130775007331,-0.0207942443680452,4.42569280282045,4.32907758207403,-0.0966152207464228,290.591272746326,281.344482421875,-9.24679032445101,2.08455116615496e-05,0,-2.08455116615496e-05,290.015069071542,290.178970728095,0.163901656553037,291.459725332235,292.032093055566,0.572367723331524,711.764666643713,717.657652012047,5.89298536833314,0.748416227998665,0.760494266415529,0.0120780384168636,-0.0403715683707647,-0.270679164530562,-0.230307596159797,92.061237549265,0,-92.061237549265,7.30017478610357,0,-7.30017478610357
"411",38.0301208496094,-80.4364624023438,16,4,3.35620826158898e-05,4.10626681469891e-05,7.50058553109931e-06,0.356840389964577,0.333780792028969,-0.0230595979356078,5.2043942182492,4.93702727097731,-0.267366947271885,290.217390163993,281.010192871094,-9.20719729289902,2.02472122750862e-05,0,-2.02472122750862e-05,289.614686411429,289.691980911698,0.0772945002684082,290.943161293262,291.399703381854,0.456542088591959,683.891002262246,677.351300098268,-6.53970216397806,0.800858399770096,0.997396181445899,0.196537781675803,0.0581916681979878,-0.183588155977054,-0.241779824175042,91.9619007738632,0,-91.9619007738632,7.29720485004374,0,-7.29720485004374
"412",38.0332260131836,-80.5047607421875,16,4,3.2574214747115e-05,4.27921808915549e-05,1.02179661444398e-05,0.373466529208124,0.350121708457816,-0.0233448207503072,7.01030374184633,6.36741437667455,-0.642889365171775,289.03340276603,279.845031738281,-9.18837102774904,1.81889318968037e-05,0,-1.81889318968037e-05,288.213979608673,288.092971932152,-0.121007676521003,289.446083032174,289.499772794267,0.0536897620930858,564.017000730057,532.824479129239,-31.1925216008179,1.8557320140744,1.98483137004381,0.129099355969406,-1.07954626926577,-1.54281443868467,-0.463268169418896,91.2209756708037,0,-91.2209756708037,7.04328896645969,0,-7.04328896645969
"413",38.0362892150879,-80.5730285644531,16,4,3.14306941968345e-05,3.99080065599738e-05,8.47731236313938e-06,0.362770264345184,0.343371462117359,-0.0193988022278249,5.63081178909693,5.70432816203843,0.0735163729414978,288.789192687325,279.903961181641,-8.88523150568483,1.77572569972892e-05,0,-1.77572569972892e-05,287.941334221018,287.879987173707,-0.0613470473110738,289.303370750988,289.518268177045,0.214897426057178,532.334216673931,509.78604698412,-22.5481696898113,0.495706931418729,0.44212837504306,-0.0535785563756692,-0.24937001495337,-0.412406195212465,-0.163036180259095,91.0599559136663,0,-91.0599559136663,6.91494075231806,0,-6.91494075231806
"414",38.0393218994141,-80.6412963867188,16,4,3.13745336234127e-05,3.9167259348836e-05,7.79272572542329e-06,0.362706572814877,0.339501223046892,-0.0232053497679849,5.46677724724142,5.22468061528654,-0.242096631954878,288.743124335861,280.010284423828,-8.73283991203289,1.76159065450112e-05,0,-1.76159065450112e-05,287.858333376436,287.816608651032,-0.0417247254037534,289.292542881191,289.621348126537,0.328805245346359,522.000596119064,502.253572828933,-19.7470232901307,0.970648179123968,0.973347986556304,0.002699807432336,0.145916509852273,0.025345951298777,-0.120570558553496,90.9641820757207,0,-90.9641820757207,6.92363815729763,0,-6.92363815729763
"415",38.0423278808594,-80.7095947265625,16,4,3.22862707731209e-05,3.87111149705105e-05,6.42484419738964e-06,0.358972953844372,0.334914994316475,-0.0240579595278967,5.30016858353574,4.98737615601629,-0.312792427519448,289.295742261064,280.612518310547,-8.68322395051695,1.86272104060768e-05,0,-1.86272104060768e-05,288.433349196461,288.392522205083,-0.0408269913781965,289.71693436981,290.165282173557,0.44834780374714,573.282295551864,555.570202080526,-17.7120934713378,0.318465991968067,0.204112637250561,-0.114353354717505,0.294138814715653,0.233602194338816,-0.0605366203768367,92.4646315372219,0,-92.4646315372219,7.09333698651379,0,-7.09333698651379
"416",38.0452766418457,-80.7778930664063,16,4,3.42306489380062e-05,3.90411889024446e-05,4.8105399644384e-06,0.351908910578524,0.328503380720755,-0.0234055298577695,4.77804922446226,4.54398525270641,-0.234063971755852,290.18509318885,281.706024169922,-8.4790690189285,2.0273121519147e-05,0,-2.0273121519147e-05,289.401864916866,289.44279587827,0.0409309614037738,290.633529606039,291.258372644523,0.624843038484585,656.047333713939,649.416161703939,-6.63117201000045,0.0751829157521115,0.011794279929856,-0.0633886358222555,0.8076822724546,0.807548125811201,-0.00013414664339928,93.7749009948275,0,-93.7749009948275,7.33455824771616,0,-7.33455824771616
"417",38.0482025146484,-80.84619140625,16,4,3.44493772121225e-05,4.01566941893013e-05,5.70731697717881e-06,0.345006133593687,0.32848316388467,-0.0165229697090166,4.37489781828008,4.71283557272365,0.337937754443568,290.521404370265,282.146636962891,-8.37476740737435,2.07481432313059e-05,0,-2.07481432313059e-05,289.732188638555,289.779673264802,0.0474846262470692,291.040342985958,291.607090989911,0.566748003953705,687.957396938188,679.151389079772,-8.80600785841671,0.419846690866821,0.361673925671766,-0.0581727651950552,1.2253694321079,1.24470599279595,0.0193365606880511,94.5355039830639,0,-94.5355039830639,7.32414590843315,0,-7.32414590843315
"418",38.0510902404785,-80.9144897460938,16,4,3.5484467221561e-05,3.97302261041887e-05,4.24575888262772e-06,0.339307874179839,0.322417957630975,-0.0168899165488646,4.22274997091701,4.27113911229321,0.0483891413762016,291.189898061184,282.798858642578,-8.39103941860543,2.15040922836275e-05,0,-2.15040922836275e-05,290.44050211038,290.508165910615,0.0676638002346408,291.667057742974,292.436976113098,0.769918370123833,760.190321959971,755.673173236645,-4.51714872332593,0.552213024208649,0.46725048712743,-0.0849625370812191,1.38778759699592,1.4511907530118,0.0634031560158839,94.6694884082431,0,-94.6694884082431,7.36627561991409,0,-7.36627561991409
"419",38.0539360046387,-80.9827880859375,16,4,3.51671601040573e-05,3.91967579189579e-05,4.02959781490068e-06,0.340698092923866,0.321792818866544,-0.0189052740573215,4.33650452051407,4.12398908892248,-0.212515431591588,291.240322613559,282.925811767578,-8.31451084598098,2.15078799360227e-05,0,-2.15078799360227e-05,290.476497031455,290.505181952136,0.0286849206805755,291.644866758635,292.380469016764,0.735602258129063,763.696322480274,756.241679063048,-7.45464341722629,0.127234421510842,-0.0205682777567215,-0.147802699267564,0.958378486442636,0.992474589293326,0.0340961028506904,94.0839771873067,0,-94.0839771873067,7.39172857117325,0,-7.39172857117325
"420",38.0567512512207,-81.0511169433594,16,4,3.66730364417315e-05,3.87384892047323e-05,2.06545276300082e-06,0.332117545599665,0.313756439708159,-0.0183611058915067,4.05993319780399,3.77539897168803,-0.284534226115952,292.309341748499,284.2890625,-8.02027924849892,2.27457716779689e-05,0,-2.27457716779689e-05,291.751322388543,291.952999572048,0.201677183504728,293.029036337357,293.999437244885,0.970400907527676,892.696713984167,910.810345823113,18.1136318389459,0.349742784365189,0.329809309686344,-0.0199334746788454,1.07600736398011,1.0803155508418,0.00430818686168255,93.3883959469196,0,-93.3883959469196,7.3981238171307,0,-7.3981238171307
"421",38.0595245361328,-81.1194458007813,16,4,3.70299987737524e-05,3.8715544611709e-05,1.68554583795659e-06,0.32769333981727,0.312333296339124,-0.0153600434781458,4.04072996286246,3.83930087293315,-0.201429089929304,292.469448867208,284.355743408203,-8.11370545900525,2.28136959680004e-05,0,-2.28136959680004e-05,291.870231113634,292.008401298557,0.138170184922728,293.103733985688,294.07254641986,0.968812434172833,916.375242371796,925.422440485088,9.0471981132921,0.720706788612697,0.727924455108859,0.00721766649616185,1.42675945525383,1.44734283672087,0.0205833814670409,94.5119978765545,0,-94.5119978765545,7.3591784678064,0,-7.3591784678064
"422",38.0622634887695,-81.187744140625,16,4,3.54418845784272e-05,3.18287078608627e-05,-3.61317671756446e-06,0.288512777060918,0.286798651063062,-0.00171412599785525,3.6622285516853,3.49876800765339,-0.163460544031909,292.406208235958,284.356842041016,-8.04936619494254,2.20228890170457e-05,0,-2.20228890170457e-05,291.747584118333,292.027445717938,0.279861599604828,293.152555161786,294.7272713206,1.57471615881479,907.029026846042,945.72413090844,38.6951040623983,0.800782836302263,0.810902480586809,0.0101196442845457,1.1265506142119,1.18999158935445,0.063440975142548,94.715928512415,0,-94.715928512415,7.13646904020221,0,-7.13646904020221
"423",38.0649681091309,-81.2560729980469,16,4,3.64394659244484e-05,3.24093454293786e-05,-4.03012049506978e-06,0.29016451853831,0.286142873997756,-0.0040216445405542,3.77890298305414,3.44248714610043,-0.33641583695371,292.856619426231,284.795532226562,-8.06108719966835,2.26470988711224e-05,0,-2.26470988711224e-05,292.22679031967,292.537782163452,0.310991843782006,293.552794127951,295.276146001614,1.72335187366303,958.539404990261,1005.01261458731,46.473209597044,1.27524474209778,1.29828362874955,0.023038886651765,1.32763583723434,1.38667767728953,0.059041840055184,95.0159235424457,0,-95.0159235424457,7.24373431678651,0,-7.24373431678651
"424",38.0711097717285,-80.1593017578125,16,4,3.33253713276488e-05,3.97188856405697e-05,6.3935143129209e-06,0.352037860071646,0.328030028861783,-0.0240078312098629,4.78721385531955,4.4972475981101,-0.289966257209453,289.917618813836,279.848388671875,-10.0692301419614,1.99139184923924e-05,0,-1.99139184923924e-05,289.159702243299,289.233269719821,0.0735674765221574,290.689031455957,291.265036812664,0.576005356706958,634.325481143822,628.625221510517,-5.70025963330443,0.657166369935502,0.590630011369829,-0.0665363585656726,0.350020284047472,0.241637913529934,-0.108382370517538,94.2557075791603,0,-94.2557075791603,7.29112357291936,0,-7.29112357291936
"425",38.0743598937988,-80.2276000976563,16,4,3.44691788694204e-05,3.84482424336917e-05,3.97906356427125e-06,0.346276110368775,0.31877956070697,-0.0274965496618053,4.50904228340866,3.99987973922338,-0.509162544185279,290.71734568613,281.321166992188,-9.39617869394283,2.13933652560176e-05,0,-2.13933652560176e-05,290.220058240817,290.489781204992,0.269722964174946,291.753213475984,292.756677612283,1.00346413629853,730.477599999069,753.223971514151,22.7463715150824,1.22818375607509,1.29524160887997,0.067057852804884,0.491389824719942,0.405037646176037,-0.0863521785439054,93.8111078045733,0,-93.8111078045733,7.42060591313489,0,-7.42060591313489
"426",38.0775756835938,-80.2958984375,16,4,3.27284628066417e-05,4.14271057466698e-05,8.69864294002809e-06,0.356476604683832,0.33564836500839,-0.0208282396754422,4.93960934826451,4.970122687837,0.030513339572483,289.687650004464,280.348999023438,-9.33865098102632,1.95941056414056e-05,0,-1.95941056414056e-05,288.979619715336,289.050479589418,0.0708598740822026,290.449525547554,290.759109950732,0.309584403178121,620.086857719729,609.494264952654,-10.5925927670747,0.932250057484032,0.973448384529297,0.0411983270452657,0.169518308460507,0.030786088654784,-0.138732219805723,92.53818722941,0,-92.53818722941,7.23034081890521,0,-7.23034081890521
"427",38.0807609558106,-80.3641967773438,16,4,3.33646009814303e-05,4.00899575928099e-05,6.72535661137967e-06,0.352447012152529,0.331069495141618,-0.0213775170109112,4.92605266408024,4.70516402089698,-0.22088864318326,290.220297624786,281.064056396484,-9.15624122830161,2.03299085586832e-05,0,-2.03299085586832e-05,289.671876638072,289.842931121614,0.171054483542434,291.062414043332,291.602625146845,0.540211103513002,686.736686479274,692.912984169392,6.17629769011796,0.855174687803889,1.03402591911278,0.17885123130889,0.222937686402792,0.0593217327610157,-0.163615953641777,91.8620873286395,0,-91.8620873286395,7.25137136643927,0,-7.25137136643927
"428",38.0839004516602,-80.4325256347656,16,4,3.20443141828862e-05,4.29506309453203e-05,1.09063167624341e-05,0.372029615006711,0.352437732801258,-0.019591882205453,7.02045701507829,7.02547725449261,0.00502023941431329,288.833027673103,279.589782714844,-9.2432449582592,1.81723932436317e-05,0,-1.81723932436317e-05,287.960553829878,287.82869303878,-0.131860791098177,289.293754272026,289.256008173321,-0.0377460987049858,543.396377447534,509.078984844709,-34.317392602825,2.16166446074484,2.34487098076604,0.183206520021199,-0.513742585143578,-0.821829092559884,-0.308086507416306,92.1711686062919,0,-92.1711686062919,7.04068043096432,0,-7.04068043096432
"429",38.0869979858398,-80.5008239746094,16,4,3.10883187028604e-05,4.12051370887877e-05,1.01168183859273e-05,0.374948047706352,0.352057674043816,-0.0228903736625359,6.92627967117179,6.6484263819507,-0.277853289221087,288.029519769588,279.083374023438,-8.94614574615059,1.66603912063095e-05,0,-1.66603912063095e-05,287.087013194373,286.97871330469,-0.108299889682485,288.388982038343,288.528370188122,0.139388149778256,469.992476161744,439.028093421671,-30.9643827400735,1.16462186045037,1.19490488557542,0.0302830251250534,0.268351758021135,0.180383368636514,-0.0879683893846207,90.9468890730413,0,-90.9468890730413,6.78024707278457,0,-6.78024707278457
"430",38.0900688171387,-80.5691528320313,16,4,3.16622114186731e-05,4.07504833420865e-05,9.08827192341334e-06,0.364315683098743,0.3451259969572,-0.0191896861415434,5.56787210448175,5.75107069097014,0.183198586488381,288.499651829586,279.636352539062,-8.86329929052306,1.73733833507929e-05,0,-1.73733833507929e-05,287.595425049393,287.51741371474,-0.078011334653354,288.920500720165,289.101543049594,0.181042329429317,509.252598598819,482.863093971038,-26.389504627781,1.18038775793813,1.17133341210593,-0.00905434583220166,0.662343037850395,0.624054051249471,-0.0382889866009244,92.0062431506939,0,-92.0062431506939,6.89847451861923,0,-6.89847451861923
"431",38.0931091308594,-80.6374816894531,16,4,3.19246233555893e-05,3.96163844261732e-05,7.69176107058387e-06,0.361610799770519,0.340133423736103,-0.021477376034416,5.39434594374437,5.32729610214886,-0.0670498415955105,288.875091908601,280.126312255859,-8.74877965274135,1.7853106766828e-05,0,-1.7853106766828e-05,287.987423028007,287.907691291373,-0.0797317366339598,289.182014227635,289.488714263302,0.306700035667063,541.310330621946,516.595640345033,-24.7146902769138,0.169141905077377,0.0778431415056189,-0.0912987635717581,0.671092643089313,0.654811371030265,-0.0162812720590477,91.5786427466051,0,-91.5786427466051,6.96332882977697,0,-6.96332882977697
"432",38.0961036682129,-80.705810546875,16,4,3.47853949512205e-05,3.84349665242573e-05,3.6495715730369e-06,0.34706363154488,0.324427608553123,-0.022636022991757,4.60911318787143,4.31418813395704,-0.294925053914388,290.326823455447,281.608093261719,-8.71873019372777,2.04255255470538e-05,0,-2.04255255470538e-05,289.568131101668,289.63667624706,0.0685451453916812,290.792854810283,291.56217011188,0.769315301597317,682.585886241193,680.914987538758,-1.67089870243535,0.63886029586067,0.559802674133089,-0.0790576217275809,1.57623858113605,1.62130840268691,0.0450698215508638,94.4399701417778,0,-94.4399701417778,7.29444518782734,0,-7.29444518782734
"433",38.099063873291,-80.774169921875,16,4,3.44696422319667e-05,3.939766234248e-05,4.92802011051331e-06,0.346317753141379,0.327684576389855,-0.0186331767515237,4.63769368228749,4.61704977964744,-0.0206439026400576,290.34735301111,281.847412109375,-8.4999409017347,2.03622896054674e-05,0,-2.03622896054674e-05,289.544808454142,289.60561295194,0.0608044977987561,290.85344026826,291.472333473775,0.618893205514667,671.723464072788,666.677791915063,-5.04567215772477,0.83202959969617,0.832635350338207,0.000605750642037051,1.29109161947306,1.32655966192626,0.035468042453197,94.7361593566389,0,-94.7361593566389,7.3230355565826,0,-7.3230355565826
"434",38.1019859313965,-80.8424987792969,16,4,3.48497187064194e-05,3.99362263343613e-05,5.08650762794193e-06,0.340369998563783,0.326512641036836,-0.0138573575269471,4.43647844363482,4.55310485709427,0.116626413459452,290.848494839579,282.369293212891,-8.47920162668851,2.07669118607118e-05,0,-2.07669118607118e-05,290.084050272758,290.08131752605,-0.00273274670769297,291.222871891434,291.834914452117,0.612042560682653,729.917071344843,714.083398710369,-15.8336726344736,-0.113001671889104,-0.241058633470137,-0.128056961581033,1.3022976664983,1.38260496374135,0.0803072972430459,94.0587020719141,0,-94.0587020719141,7.26814038583103,0,-7.26814038583103
"435",38.104866027832,-80.9108581542969,16,4,3.59830565908589e-05,4.04713123219797e-05,4.48825573112075e-06,0.332985718796076,0.321049925674715,-0.0119357931213604,4.00828871767745,4.26093429174179,0.252645574064337,291.763340191249,283.4541015625,-8.30923862874943,2.20419612498907e-05,0,-2.20419612498907e-05,291.096856572099,291.204569491454,0.107712919355095,292.358072276469,293.1070622245,0.748989948030214,826.811308444559,826.602942408613,-0.208366035946028,0.86171756109203,0.841562912497086,-0.0201546485949444,1.41651668096971,1.49946255337424,0.0829458724045231,94.6155480830331,0,-94.6155480830331,7.37002278041878,0,-7.37002278041878
"436",38.1077308654785,-80.9791870117188,16,4,3.61086369319533e-05,4.08475688642234e-05,4.73893193227005e-06,0.339524722024228,0.32380371351768,-0.0157210085065483,4.30177302238269,4.49429913056202,0.192526108179337,291.475202851434,283.126129150391,-8.34907370104321,2.1721130642352e-05,0,-2.1721130642352e-05,290.732664086884,290.748414259482,0.0157501725979046,291.864766076597,292.560573350371,0.695807273773767,793.898988332731,781.658470532058,-12.2405178006735,0.467069799614308,0.40994894195604,-0.057120857658268,1.48102001174028,1.54088005129475,0.0598600395544733,95.0666155156258,0,-95.0666155156258,7.43107664219963,0,-7.43107664219963
"437",38.110538482666,-81.0475463867188,16,4,3.67822637659293e-05,3.92407212197105e-05,2.4584574537812e-06,0.330001797239902,0.314946851634896,-0.0150549456050053,3.89241974985498,4.07692554669502,0.184505796840048,292.507519450841,284.240295410156,-8.26722404068425,2.24594903798376e-05,0,-2.24594903798376e-05,291.861353030212,291.969849355411,0.108496325198985,293.005891978879,293.93826936678,0.93237738790134,913.699802110856,918.759397570401,5.05959545954499,0.145711647792358,0.0436958110610369,-0.102015836731321,1.36365729517301,1.38631223528089,0.0226549401078777,93.0675782463727,0,-93.0675782463727,7.34126085228629,0,-7.34126085228629
"438",38.1133155822754,-81.1159362792969,16,4,3.31392041065907e-05,3.28367839153852e-05,-3.0242019120545e-07,0.28766349177275,0.286932297597444,-0.000731194175306316,3.5027507472242,3.66408001663338,0.16132926940918,291.126087451546,285.267486572266,-5.85860087928006,1.98526205638229e-05,0,-1.98526205638229e-05,292.23338838088,293.183636497428,0.950248116548721,293.544315016904,295.856932387608,2.31261737070326,943.947845766528,1070.03513479281,126.087289026284,0.534926777143178,0.641748733288356,0.106821956145178,1.05907286823687,1.15100897531091,0.0919361070740352,88.0970973505786,0,-88.0970973505786,6.15101303265443,0,-6.15101303265443
"439",38.1160545349121,-81.1842956542969,16,4,3.56731528332926e-05,3.25169353206436e-05,-3.15621751264899e-06,0.285997716003314,0.286494482267507,0.000496766264193094,3.62855430342193,3.71771787985777,0.0891635764358387,293.151673569424,285.1376953125,-8.01397825692374,2.23604212880877e-05,0,-2.23604212880877e-05,292.682683574234,293.032840782411,0.350157208176995,294.031342253601,295.710708343794,1.6793660901929,1012.85098856281,1061.82328212055,48.9722935577371,0.803443282766231,0.787017954509026,-0.016425328257205,1.45105617409648,1.51573530597701,0.0646791318805358,93.0298853644717,0,-93.0298853644717,7.05990065903943,0,-7.05990065903943
"440",38.1248779296875,-80.1551513671875,16,4,3.41873187375095e-05,4.01362160849326e-05,5.94889734742306e-06,0.356464871734471,0.327164665591426,-0.029300206143045,5.16485155545748,4.47660201635116,-0.68824953910632,290.163772640055,280.319854736328,-9.84391790372695,2.08690972123672e-05,0,-2.08690972123672e-05,289.512270687865,289.648662445574,0.136391757709021,291.026817309553,291.637220268935,0.610402959382498,670.121425169989,672.766171681658,2.64474651166813,0.641809243451832,0.634795928928299,-0.00701331452353227,0.682897775248982,0.577081752854906,-0.105816022394077,94.6882069495271,0,-94.6882069495271,7.47217357951736,0,-7.47217357951736
"441",38.1281280517578,-80.2234802246094,16,4,3.40005802268776e-05,4.03204312897443e-05,6.31985106286666e-06,0.356068155761607,0.328414928434008,-0.0276532273275988,5.23904215168749,4.64139600900503,-0.597646142682458,290.417567656009,281.117462158203,-9.3001054978061,2.09995918802939e-05,0,-2.09995918802939e-05,289.899645242526,290.096313821563,0.196668579036384,291.382849735574,292.014074544582,0.631224809007904,702.085686643107,713.381630797021,11.295944153914,0.789112303309626,0.8847920952106,0.0956797919009739,0.303127339522061,0.125571885914123,-0.177555453607938,91.9228430841346,0,-91.9228430841346,7.42635781153538,0,-7.42635781153538
"442",38.1313438415527,-80.2918395996094,16,4,3.35332606176397e-05,4.29507452949668e-05,9.41748467732707e-06,0.360786117562911,0.34214351920735,-0.0186425983555614,5.43573443094889,5.83785749908186,0.402123068132971,289.863919848116,280.569183349609,-9.29473649850621,2.00083914027252e-05,0,-2.00083914027252e-05,289.276944285932,289.301510265337,0.0245659794059065,290.608611337948,290.774303526604,0.16569218865618,658.240266190773,640.229666756379,-18.010599434394,1.76600484726002,1.92391319698907,0.157908349729047,0.118501297765292,-0.0752504731815771,-0.193751770946869,92.7812195157167,0,-92.7812195157167,7.317694349169,0,-7.317694349169
"443",38.1345252990723,-80.3601684570313,16,4,3.0867071177555e-05,4.07907034647494e-05,9.92363228719449e-06,0.375273742907854,0.35037727668571,-0.0248964662221439,6.79429078713441,6.39904553666074,-0.395245250473674,288.20109371751,279.005828857422,-9.19526486008834,1.67613869763758e-05,0,-1.67613869763758e-05,287.28924417657,287.186440974299,-0.102803202271332,288.516972559976,288.65548097822,0.138508418244328,490.550881317404,460.872583970093,-29.6782973473111,1.53949860266673,1.691481123011,0.151982520344276,-0.865094727358971,-1.22915325088007,-0.364058523521099,90.8193558836381,0,-90.8193558836381,6.82382725704795,0,-6.82382725704795
"444",38.1376609802246,-80.4285278320313,16,4,3.15454953664627e-05,4.00521958725784e-05,8.50670050611565e-06,0.371033750251612,0.345257639399474,-0.0257761108521382,6.72476955968091,6.1295167319795,-0.595252827701406,288.277417482251,279.543823242188,-8.73359424006333,1.71638736649731e-05,0,-1.71638736649731e-05,287.513400530972,287.522826121586,0.00942559061434167,288.79348876312,289.144375975454,0.35088721233393,500.430748555325,483.357562780745,-17.0731857745802,1.10194745018199,1.15832164838096,0.0563741981989734,-0.117643677893429,-0.227129120400225,-0.109485442506797,89.6887582321956,0,-89.6887582321956,6.80256741826685,0,-6.80256741826685
"445",38.1407737731934,-80.4969177246094,16,4,3.18998483696849e-05,3.94052121753213e-05,7.50536380563649e-06,0.363611625886502,0.34092970075043,-0.0226819251360726,5.57629645583976,5.43189135168353,-0.144405104156233,288.488434310568,279.7119140625,-8.7765202480681,1.73075753969478e-05,0,-1.73075753969478e-05,287.624610065544,287.581779467756,-0.0428305977876562,288.90123730171,289.242713003242,0.341475701531579,514.614075581047,494.372020879905,-20.2420547011428,0.889234963528668,0.906662063223084,0.0174270996944156,0.804921480849997,0.791354100076733,-0.013567380773264,91.9739058726869,0,-91.9739058726869,6.88237057990188,0,-6.88237057990188
"446",38.1438446044922,-80.5652770996094,16,4,3.34382975126264e-05,4.00655313186052e-05,6.62723380597879e-06,0.356695026668637,0.335244217387124,-0.0214508092815137,5.04314078632583,4.96259948534843,-0.080541300977397,289.176342883186,280.612396240234,-8.56394664295124,1.86713802074089e-05,0,-1.86713802074089e-05,288.508336593359,288.55701732992,0.0486807365614368,289.762086349088,290.226532319272,0.464445970184499,587.171793863374,576.697619999223,-10.4741738641513,1.05934119359096,1.07192635549591,0.0125851619049442,1.11214615385767,1.14526390456579,0.0331177507081137,91.897291314459,0,-91.897291314459,7.02648825639095,0,-7.02648825639095
"447",38.1468849182129,-80.6336669921875,16,4,3.42623870068472e-05,3.97624438253953e-05,5.50005681854819e-06,0.348849317650842,0.329406980411855,-0.019442337238987,4.71628399384327,4.62967199341864,-0.0866120004246378,290.120590785867,281.246215820312,-8.8743749655543,1.95050944248391e-05,0,-1.95050944248391e-05,289.352439028737,289.345223069424,-0.00721595931224783,290.454815824324,291.058482347529,0.603666523204538,673.063075793293,658.709020436531,-14.3540553567625,0.43649647608183,0.323631265229141,-0.112865210852689,1.93048621034533,2.00847178116838,0.0779855708230528,92.2181499777556,0,-92.2181499777556,7.11947075567326,0,-7.11947075567326
"448",38.1498870849609,-80.7020263671875,16,4,3.44185232697259e-05,3.88454689158909e-05,4.42694564616493e-06,0.340913555823772,0.323943206717774,-0.0169703491059979,4.35408388447558,4.31117193107931,-0.042911953396267,290.680717396274,282.123901367188,-8.55681602908601,2.06859908140603e-05,0,-2.06859908140603e-05,289.968189217091,290.076237376143,0.108048159052771,291.24396475367,291.947312756919,0.703348003249573,720.263163787148,721.159792008005,0.896628220857451,0.974499841110622,0.97854489133207,0.00404505022144741,1.39382107113208,1.4824996862516,0.0886786151195231,94.00584960514,0,-94.00584960514,7.26435545258203,0,-7.26435545258203
"449",38.1528434753418,-80.7704162597656,16,4,3.48698238227074e-05,3.96714519800192e-05,4.80162815731183e-06,0.344214857299758,0.32572649537692,-0.0184883619228387,4.53630776690622,4.5555594191592,0.0192516522529802,290.753232040799,282.192718505859,-8.56051353493979,2.0591959089412e-05,0,-2.0591959089412e-05,289.987776808071,290.021862218149,0.0340854100788306,291.133951728743,291.865755586113,0.731803857369698,720.994862015412,713.264528924293,-7.73033309111918,0.600766168687636,0.583209006504008,-0.0175571621836276,1.50373622156707,1.58286584809972,0.079129626532652,93.8604903612375,0,-93.8604903612375,7.30652222397973,0,-7.30652222397973
"450",38.1557693481445,-80.8388061523438,16,4,3.62442418167135e-05,3.96733848197424e-05,3.42914300302887e-06,0.341247390884722,0.320812726097879,-0.0204346647868435,4.62335055098574,4.24978326324724,-0.373567287738506,291.586401576904,283.081604003906,-8.50479757299792,2.17058403642493e-05,0,-2.17058403642493e-05,290.865495982959,290.941314955337,0.075818972377931,291.950423770556,292.815049467381,0.864625696824362,806.886369168044,806.203426141982,-0.68294302606273,0.457820651672903,0.35854801432758,-0.0992726373453225,1.75851342623372,1.8698058744723,0.111292448238571,93.4289006232853,0,-93.4289006232853,7.43201391205864,0,-7.43201391205864
"451",38.1586570739746,-80.9071960449219,16,4,3.67229403109645e-05,4.00398213936393e-05,3.31688108267487e-06,0.337993300035901,0.319219321885291,-0.0187739781506104,4.42575293320876,4.23338632502108,-0.192366608187684,291.902185093365,283.724609375,-8.1775757183654,2.24647195144946e-05,0,-2.24647195144946e-05,291.293556538005,291.430520949891,0.136964411885799,292.542532096538,293.357564979459,0.815032882921344,843.649728386436,850.530731319515,6.88100293307866,0.551355470607506,0.576375001826504,0.0250195312189984,1.34557452388594,1.41649909962406,0.0709245757381214,93.6684914728959,0,-93.6684914728959,7.47253360076764,0,-7.47253360076764
"452",38.1615180969238,-80.9755859375,16,4,3.69107234590258e-05,4.01117689570733e-05,3.20104549804745e-06,0.334232997939121,0.318645080718967,-0.0155879172201532,4.07746068840353,4.2333506396693,0.155889951265775,292.137962494793,283.901794433594,-8.23616806119918,2.24082060130361e-05,0,-2.24082060130361e-05,291.521156836685,291.612235959111,0.0910791224255263,292.696286891987,293.526794792177,0.830507900189787,875.451595746959,878.187592810125,2.73599706316577,0.74099288155906,0.718488496334798,-0.0225043852242616,1.54770102616737,1.66465542942893,0.116954403261564,94.0539620894344,0,-94.0539620894344,7.43162699486514,0,-7.43162699486514
"453",38.1643333435059,-81.0440063476563,16,4,3.64952550674512e-05,3.85756041671369e-05,2.08034909968574e-06,0.324333118318912,0.313136916295906,-0.0111962020230056,3.67777920584393,3.84991279015174,0.172133584307809,292.60700608726,284.523071289062,-8.08393479819739,2.24815443034931e-05,0,-2.24815443034931e-05,292.060409325859,292.258995584519,0.198586258659873,293.320478939513,294.348810593556,1.02833165404252,936.498703440838,952.294814511461,15.7961110706234,0.783560869935817,0.757010833361711,-0.0265500365741062,1.32351611563787,1.42103229407117,0.0975161784332914,93.6414617617608,0,-93.6414617617608,7.24275051648796,0,-7.24275051648796
"454",38.167106628418,-81.1124267578125,16,4,3.52369310321444e-05,3.36275067246208e-05,-1.60942430752356e-06,0.291341686016123,0.291617443965798,0.00027575794967527,3.84885352697128,4.06957636124049,0.220722834269206,292.389378093158,284.331817626953,-8.05756046620473,2.20175248557292e-05,0,-2.20175248557292e-05,291.704292149312,291.936949325325,0.23265717601322,293.079113805933,294.42405404581,1.34494023987764,895.929663407367,924.432994320061,28.5033309126934,0.511778460583709,0.51884620982237,0.00706774923866171,0.712281514909601,0.753931957491163,0.0416504425815623,93.9529148605878,0,-93.9529148605878,7.17963612251756,0,-7.17963612251756
"455",38.1786270141602,-80.1509704589844,16,4,3.38952202189863e-05,4.07291008762727e-05,6.83388065728639e-06,0.360184227236282,0.331453920772953,-0.028730306463329,5.20137697203547,4.55603055057363,-0.645346421461839,290.336261210714,280.711456298828,-9.62480491188597,2.06586728317811e-05,0,-2.06586728317811e-05,289.689830780708,289.832751947301,0.142921166592316,291.203605183253,291.727405091038,0.523799907785531,684.908705348292,689.271093288461,4.36238794016913,0.928092676135485,1.03737187918055,0.109279203045063,0.436163558080256,0.307524088062535,-0.128639470017721,91.8806651378067,0,-91.8806651378067,7.42220039152419,0,-7.42220039152419
"456",38.1818885803223,-80.2193603515625,16,4,3.24770437307135e-05,4.25179306469658e-05,1.00408869162523e-05,0.36841878122641,0.344479384388558,-0.023939396837852,5.87055022084815,5.75951277904021,-0.111037441807934,289.410838543615,280.024230957031,-9.38660758658409,1.90956422202876e-05,0,-1.90956422202876e-05,288.799163348398,288.789383151893,-0.00978019650517581,290.023394135918,290.176604466695,0.153210330777711,620.70780194089,599.382163841463,-21.3256380994275,1.50559969401393,1.67079210563212,0.165192411618192,0.0663952171641424,-0.191245193394633,-0.257640410558775,91.1062267377133,0,-91.1062267377133,7.17849654683582,0,-7.17849654683582
"457",38.1851043701172,-80.2877807617188,16,4,3.10604429658413e-05,4.28245782777743e-05,1.1764135311933e-05,0.375620015407237,0.356496577725963,-0.0191234376812737,6.88548071771605,6.9715077326848,0.0860270149687414,288.251432326801,279.036804199219,-9.21462812758182,1.716423363966e-05,0,-1.716423363966e-05,287.348829489788,287.218990272276,-0.129839217512142,288.623748344651,288.55989565042,-0.0638526942311159,497.421756477368,460.594441766077,-36.8273147112916,1.6673361677939,1.82928465235355,0.161948484559649,-0.738076754170482,-1.07370876367493,-0.335632009504446,91.8949767312744,0,-91.8949767312744,6.89775523431606,0,-6.89775523431606
"458",38.1882820129395,-80.3561706542969,16,4,3.08336820310212e-05,4.21194510583599e-05,1.12857690273387e-05,0.377457144224009,0.356540588993968,-0.0209165552300407,7.27984149639423,6.9175528501853,-0.362288646208935,287.703965276549,278.913665771484,-8.7902995050643,1.63304616074253e-05,0,-1.63304616074253e-05,286.879387237348,286.786307072924,-0.0930801644239523,288.222454843221,288.223608124611,0.00115328138997484,453.824376947491,421.850771136065,-31.9736058114261,1.70507796133756,1.80167608942924,0.0965981280916761,-0.0142273652547689,-0.149068463049163,-0.134841097794394,90.2841452276774,0,-90.2841452276774,6.69211685550392,0,-6.69211685550392
"459",38.1914329528809,-80.424560546875,16,4,3.11306181430502e-05,3.97931782258545e-05,8.66256008280436e-06,0.361086746887665,0.342005382820722,-0.0190813640669421,5.37254370990981,5.37233559698121,-0.000208112928602233,288.441494170724,279.666259765625,-8.77523440509924,1.7032804416437e-05,0,-1.7032804416437e-05,287.607946096036,287.566013042116,-0.0419330539197631,288.807710199015,289.116086810769,0.308376611754056,518.192123495307,494.274426909436,-23.917696585871,0.406281617286312,0.374096626628182,-0.0321849906581305,0.704965782317533,0.690576757381853,-0.0143890249356798,90.4877352786604,0,-90.4877352786604,6.7412114490831,0,-6.7412114490831
"460",38.1945381164551,-80.4929809570313,16,4,3.29767668288387e-05,3.85092582183345e-05,5.53249138949583e-06,0.349988271327593,0.330125191967715,-0.0198630793598786,4.70092012128259,4.56695380577674,-0.133966315505851,289.363670779692,280.741851806641,-8.62181897305163,1.85202121859845e-05,0,-1.85202121859845e-05,288.592365674411,288.635943529083,0.0435778546719803,289.827369522874,290.405373525594,0.578004002719638,599.696581131687,591.203838317494,-8.49274281419298,0.674868467164561,0.676929386843532,0.00206091967897171,1.15281972923311,1.18064050550454,0.0278207762714244,92.1744109661908,0,-92.1744109661908,6.94104003126905,0,-6.94104003126905
"461",38.1976165771484,-80.5614013671875,16,4,3.45347763723485e-05,4.03299348416759e-05,5.79515846932739e-06,0.342135198117204,0.327617223311706,-0.0145179748054987,4.28708942119892,4.58151385315463,0.294424431955712,290.464389281488,281.732330322266,-8.73205895922206,2.00811345166187e-05,0,-2.00811345166187e-05,289.741129962961,289.793941096434,0.052811133473142,290.933969721455,291.551826095377,0.617856373921882,708.887282292639,699.517632265469,-9.36965002717011,0.722043404300549,0.676414502870258,-0.0456289014302909,1.8432546153286,1.89807873202031,0.0548241166917103,92.7454366449781,0,-92.7454366449781,7.14638306303423,0,-7.14638306303423
"462",38.2006568908691,-80.6298217773438,16,4,3.38461773244e-05,3.84786144993252e-05,4.6324371749252e-06,0.342251840890653,0.325168503225195,-0.0170833376654584,4.31066649999374,4.33322604904827,0.0225595490545292,290.397969209747,281.917541503906,-8.4804277058405,2.03336346265463e-05,0,-2.03336346265463e-05,289.682969810319,289.803131201311,0.120161390992223,290.986093962216,291.704038441043,0.717944478827349,695.085364931847,696.19006346246,1.10469853061363,0.977399339619534,1.00297438467426,0.0255750450547239,1.21420990119307,1.36770625107923,0.153496349886159,93.4594771465386,0,-93.4594771465386,7.19709783334246,0,-7.19709783334246
"463",38.2036514282227,-80.6982421875,16,4,3.38554941476781e-05,3.93686393078145e-05,5.5131451601364e-06,0.341389165911011,0.32737067384582,-0.014018492065191,4.30726185007992,4.51513517004812,0.207873319968199,290.529181403156,282.126525878906,-8.40265552424995,2.02770491622136e-05,0,-2.02770491622136e-05,289.763716361012,289.815566234239,0.0518498732268426,291.039713118792,291.61995465165,0.580241532857997,698.108115633702,690.420649834812,-7.68746579889023,0.645414787156695,0.657173212677077,0.0117584255203811,0.976840225611818,1.04262187220855,0.0657816465967326,93.4961392221615,0,-93.4961392221615,7.20544755342371,0,-7.20544755342371
"464",38.2066116333008,-80.7666625976563,16,4,3.56409988378996e-05,3.97970305742215e-05,4.15603173632185e-06,0.340708953588909,0.321589513079794,-0.0191194405091155,4.39615653926491,4.30716041825775,-0.0889961210071526,291.41892741867,282.982971191406,-8.43595622726366,2.16226802634827e-05,0,-2.16226802634827e-05,290.681352623167,290.762978682638,0.0816260594712048,291.836023155132,292.628030310752,0.792007155619615,786.685435900532,785.7090271266,-0.976408773931894,0.490737093510354,0.432918702336863,-0.0578183911734915,1.41603308203327,1.5145641190856,0.0985310370523327,93.6361302055839,0,-93.6361302055839,7.43060346675093,0,-7.43060346675093
"465",38.2095489501953,-80.8351135253906,16,4,3.60865415374199e-05,3.87519788359184e-05,2.66543729849849e-06,0.333997620649348,0.316269597971441,-0.0177280226779065,4.01444413926866,3.992706934611,-0.0217372046576609,291.904093123849,283.615844726562,-8.28824839728657,2.21165968621868e-05,0,-2.21165968621868e-05,291.283599101035,291.437339474388,0.15374037335306,292.491421740781,293.447128738694,0.955706997912671,846.942771180787,858.090448415207,11.1476772344209,0.541424330263919,0.516791639396188,-0.0246326908677305,1.49372763926387,1.59483100176248,0.101103362498601,93.1490038567889,0,-93.1490038567889,7.37747528757828,0,-7.37747528757828
"466",38.2124290466309,-80.903564453125,16,4,3.60360004543233e-05,3.71667134536109e-05,1.1307129992876e-06,0.329687981975234,0.311294392362776,-0.018393589612458,3.85735559055948,3.54713565467769,-0.310219935881786,292.210205855055,284.204376220703,-8.00582963435147,2.23538144141494e-05,0,-2.23538144141494e-05,291.6316045646,291.898812121336,0.267207556736935,292.981710384044,294.163578214776,1.18186783073253,875.793746382034,904.168919574635,28.3751731926003,0.491862052515152,0.530032372832302,0.0381703203171501,1.37342502260821,1.41841276598904,0.0449877433808246,93.0208009436056,0,-93.0208009436056,7.33547290388955,0,-7.33547290388955
"467",38.2181015014648,-81.0404357910156,16,4,3.36794101481339e-05,3.77754137799939e-05,4.09600363186006e-06,0.32608732362277,0.312931632414495,-0.0131556912082751,3.91683182349572,3.83101486140846,-0.085816962087256,290.411360860359,284.914947509766,-5.4964133505934,1.96492261526054e-05,0,-1.96492261526054e-05,291.553814432132,292.435748719142,0.881934287010267,292.827833722023,294.66943575068,1.84160202865775,863.490001801421,962.591526470954,99.1015246695328,0.667672818898006,0.719599962442043,0.0519271435440362,0.542612702657239,0.731305754221728,0.188693051564489,87.0001414463532,0,-87.0001414463532,6.19175382676915,0,-6.19175382676915
"468",38.2323799133301,-80.1468200683594,16,4,3.23948842534403e-05,4.30953246443791e-05,1.07004403909389e-05,0.373078882017763,0.348825198211385,-0.0242536838063783,6.07252623077132,5.90005229069636,-0.172473940074953,289.075532695545,279.504669189453,-9.57086350609234,1.84197261497887e-05,0,-1.84197261497887e-05,288.317319886634,288.243394441148,-0.0739254454860543,289.689205355081,289.633375567517,-0.0558297875642211,579.547647708398,552.66402350792,-26.883624200478,2.16643472539204,2.42632499603604,0.259890270644009,0.201273423783834,-0.00982836196130043,-0.211101785745134,91.7685120137688,0,-91.7685120137688,7.12217099677748,0,-7.12217099677748
"469",38.2356452941895,-80.2152404785156,16,4,2.98773942385852e-05,4.29022494779907e-05,1.30248552394055e-05,0.381278754652173,0.362641152828131,-0.0186376018240419,7.49213305090228,7.74911407731537,0.256981026413095,287.32017150629,278.084228515625,-9.23594299066485,1.52607647929673e-05,0,-1.52607647929673e-05,286.342123315834,286.154599747158,-0.18752356867617,287.692625806746,287.522871159056,-0.169754647690752,426.11926618364,384.877314012436,-41.2419521712033,2.28203141689172,2.46310182239975,0.181070405508027,-0.440340804023503,-0.72939927348593,-0.289058469462427,90.6447946315916,0,-90.6447946315916,6.52020888092275,0,-6.52020888092275
"470",38.2388610839844,-80.28369140625,16,4,2.97065065701139e-05,4.06489591172531e-05,1.09424525471392e-05,0.376183133870124,0.355292980940354,-0.0208901529297702,6.983032943856,6.84332950298603,-0.139703440869975,287.363752851712,278.523162841797,-8.84059000991516,1.54003356841601e-05,0,-1.54003356841601e-05,286.459554288191,286.335025080375,-0.124529207816011,287.798591865049,287.843355561525,0.0447636964759681,427.519518467834,395.55958738393,-31.9599310839038,1.19302640909045,1.25937869307165,0.0663522839811925,-0.284854898716654,-0.442443957321887,-0.157589058605233,89.5315461749148,0,-89.5315461749148,6.53451998741727,0,-6.53451998741727
"471",38.2451972961426,-80.4205932617188,16,4,3.12764322279495e-05,3.99149331091296e-05,8.63850088118013e-06,0.364589307420732,0.342657735612716,-0.0219315718080154,5.45260766836313,5.41037091638288,-0.0422367519802513,288.467917495464,279.937316894531,-8.53060060093276,1.72791405974133e-05,0,-1.72791405974133e-05,287.605378031243,287.548686639597,-0.0566913916459271,288.847374306044,289.109929871725,0.262555565680373,516.7770799124,492.169289459795,-24.6077904526049,0.568431408439727,0.542073003250859,-0.0263584051888672,0.862832330815671,0.841823313474368,-0.0210090173413031,90.9417600059391,0,-90.9417600059391,6.85729770266741,0,-6.85729770266741
"472",38.2483024597168,-80.4890441894531,16,4,3.32470561688934e-05,3.78615728361012e-05,4.61451666720779e-06,0.352138216528516,0.327127140975039,-0.0250110755534768,4.84298269157736,4.43330761510083,-0.409675076476529,289.878324905621,281.464141845703,-8.41418305991783,1.92955967509353e-05,0,-1.92955967509353e-05,289.148769153869,289.248696466941,0.0999273130726692,290.377516396257,291.081013233143,0.703496836885904,648.702023424595,648.925366174743,0.223342750147594,0.139162587307083,0.0950116751718384,-0.0441509121352441,1.09329315540469,1.07395240916148,-0.0193407462432054,90.8813109994366,0,-90.8813109994366,7.09549056454543,0,-7.09549056454543
"473",38.2513847351074,-80.5574951171875,16,4,3.32554113017413e-05,3.90215378761132e-05,5.76612657437197e-06,0.345175137132199,0.328499412868097,-0.0166757242641024,4.42080743903788,4.63193226675702,0.211124827719143,290.081726832133,281.935180664062,-8.14654616807013,1.99054880981467e-05,0,-1.99054880981467e-05,289.410559060842,289.566482410835,0.15592334999269,290.755413281572,291.363302419974,0.607889138402243,667.654687501892,671.740274234826,4.08558673293373,0.525694539389756,0.613274675523457,0.0875801361337009,0.53742384312227,0.633916244061101,0.0964924009388317,92.3128228718745,0,-92.3128228718745,7.15243643604899,0,-7.15243643604899
"474",38.2544136047363,-80.6259765625,16,4,3.45208518703739e-05,3.86450526782656e-05,4.12420080789165e-06,0.339626667447068,0.321936035573546,-0.0176906318735223,4.26065202044626,4.16128161829761,-0.0993704021486463,290.87710874183,282.531433105469,-8.3456756363608,2.09579718529939e-05,0,-2.09579718529939e-05,290.134309681408,290.247503545842,0.113193864433583,291.39863029264,292.186413396014,0.787783103373727,739.535359169695,739.459585549165,-0.0757736205293895,0.492000900775244,0.50868396091739,0.0166830601421458,1.16758968381818,1.20599744704825,0.0384077632300714,93.4565729962422,0,-93.4565729962422,7.27652171552448,0,-7.27652171552448
"475",38.2574195861816,-80.6944580078125,16,4,3.52874960457073e-05,3.91777172824727e-05,3.89022123676537e-06,0.339511740226507,0.320418835441684,-0.0190929047848239,4.36299244155232,4.14133847880567,-0.221653962746644,291.199475563271,282.856231689453,-8.34324387381758,2.13602745316878e-05,0,-2.13602745316878e-05,290.494502388966,290.599497518867,0.104995129900885,291.689862156712,292.562370198423,0.872508041710546,772.758444167522,772.893021763685,0.134577596162899,0.768390700670826,0.77205230978751,0.00366160911668323,1.63504599260432,1.67558399676053,0.0405380041562053,93.8926795581812,0,-93.8926795581812,7.35676255666889,0,-7.35676255666889
"476",38.2603874206543,-80.7629089355469,16,4,3.55404247566576e-05,3.88730154818392e-05,3.33259072518164e-06,0.33582209902624,0.318041693184439,-0.017780405841801,4.16963081685906,4.07938308389778,-0.090247732961279,291.541437565697,283.308685302734,-8.23275226296238,2.18307724462069e-05,0,-2.18307724462069e-05,290.834222455031,290.99134585975,0.157123404719016,292.109820541971,293.005011562777,0.89519102080601,800.381193472958,809.050041039702,8.66884756674358,0.636307938686919,0.609913286828409,-0.0263946518585105,1.38082640435079,1.45005408066773,0.0692276763169333,94.3054041876873,0,-94.3054041876873,7.40237296621392,0,-7.40237296621392
"477",38.263313293457,-80.8313903808594,16,4,3.48632975074528e-05,3.82641847045838e-05,3.40088719713108e-06,0.331064246633372,0.317297411062857,-0.0137668355705158,3.79706959846692,4.0654235742031,0.268353975736178,291.635297718561,283.650238037109,-7.98505968145145,2.16058264337629e-05,0,-2.16058264337629e-05,290.951906225616,291.136579141724,0.184672916107388,292.34633148992,293.21880829417,0.872476804250084,802.625506082987,811.577382294657,8.95187621166974,0.631634073235371,0.772868263917422,0.141234190682051,0.824192182142924,0.928335628826188,0.104143446683264,94.203964047702,0,-94.203964047702,7.34033814118678,0,-7.34033814118678
"478",38.2662124633789,-80.89990234375,16,4,3.47126830954611e-05,3.73069156437949e-05,2.59423254833383e-06,0.326904779234104,0.313758204075149,-0.0131465751589543,3.710844692002,3.75492922465006,0.0440845326480699,292.061967145809,284.101348876953,-7.96061826885563,2.16585387382215e-05,0,-2.16585387382215e-05,291.359131723234,291.550157101145,0.191025377911615,292.737713246535,293.75492370725,1.01721046071515,850.998510429128,864.254709549831,13.2561991207026,0.250465967262836,0.154233736355341,-0.0962322309074944,0.779153843799077,0.993160384774697,0.21400654097562,92.2700024453344,0,-92.2700024453344,7.20121372448758,0,-7.20121372448758
"479",38.2690658569336,-80.9683837890625,16,4,3.27069947550726e-05,3.64584293234367e-05,3.75143456836408e-06,0.32192359393695,0.312075846700354,-0.00984774723659637,3.52952766418457,3.67782715039375,0.148299486209185,290.175715879251,284.596557617188,-5.579158262063,1.90381846250045e-05,0,-1.90381846250045e-05,291.244433549199,292.057866657971,0.813433108772074,292.609633141657,294.450272722942,1.84063958128473,829.598293783431,916.886232742119,87.2879389586874,0.38226748113663,0.422839762883997,0.0405722817473665,0.627208503911532,0.712675958213951,0.0854674543024189,86.5448753338878,0,-86.5448753338878,6.05697296867013,0,-6.05697296867013
"480",38.2861366271973,-80.1426391601563,16,4,3.16656929747203e-05,4.37620347507633e-05,1.2096341776043e-05,0.376281672828357,0.354950214404058,-0.0213314584242994,6.55408562554253,6.67831124199761,0.124225616455078,288.705969969573,279.438842773438,-9.26712719613556,1.8045955391489e-05,0,-1.8045955391489e-05,287.895320610493,287.846529870477,-0.0487907400159884,289.218442295123,289.158748298687,-0.0596939964355556,539.407105563592,511.856482384001,-27.5506231795911,1.62289565032275,1.86482650346487,0.241930853142115,-0.524145840624444,-0.649548148533973,-0.125402307909529,91.4880132159961,0,-91.4880132159961,7.05423605807264,0,-7.05423605807264
"481",38.2894020080566,-80.2111206054688,16,4,3.18441571964133e-05,4.23272350789944e-05,1.04830778825811e-05,0.374784452436455,0.350722870560161,-0.024061581876294,6.81676294049646,6.47809584527953,-0.33866709521693,288.03933533269,279.076202392578,-8.96313294011208,1.71879992672702e-05,0,-1.71879992672702e-05,287.299717380713,287.2687406399,-0.0309767408135144,288.571155873401,288.719381127638,0.148225254237445,498.620781381891,475.657096309484,-22.9636850724074,2.60422375089387,2.76748582517912,0.163262074285243,0.837937152764939,0.803851080356741,-0.0340860724081984,92.1725972342984,0,-92.1725972342984,6.87179382299172,0,-6.87179382299172
"482",38.2989501953125,-80.4165954589844,16,4,3.22418902512033e-05,4.08346637936691e-05,8.59277354246575e-06,0.366632475097376,0.34267019542146,-0.023962279675916,5.88209188086355,5.74861441718207,-0.133477463681474,288.75583987298,280.211364746094,-8.5444751268862,1.79910328728751e-05,0,-1.79910328728751e-05,287.901844504806,287.860414097185,-0.0414304076214194,289.104310108882,289.393117050652,0.288806941769451,543.348708853629,519.944185227178,-23.4045236264508,0.94649749947403,0.927868894278287,-0.0186286051957428,1.25438240760269,1.30547456939581,0.0510921617931113,92.0785041749031,0,-92.0785041749031,7.03011999656432,0,-7.03011999656432
"483",38.3020668029785,-80.485107421875,16,4,3.35133784120724e-05,3.92374528613183e-05,5.72407444924588e-06,0.352099651581869,0.331321645087039,-0.0207780064948305,5.04000781132625,4.78217793326093,-0.257829878065321,289.781334986864,281.310394287109,-8.47094069975475,1.90961199426637e-05,0,-1.90961199426637e-05,289.022469423962,289.036172357131,0.0137029331690428,290.146622866779,290.681285247613,0.534662380833083,643.419731551691,630.141126508327,-13.2786050433646,0.311331357387903,0.250436499997684,-0.0608948573902187,1.37332443537125,1.41207785312772,0.0387534177564697,91.1713881700013,0,-91.1713881700013,7.05528006908076,0,-7.05528006908076
"484",38.3051490783691,-80.5535888671875,16,4,3.36461448833378e-05,3.83839788485053e-05,4.73783396516751e-06,0.342239940057175,0.325960317207774,-0.0162796228494013,4.40961858961317,4.43031221373468,0.0206936241215114,290.253455033183,281.877532958984,-8.37592207419823,1.98052138607456e-05,0,-1.98052138607456e-05,289.420312722213,289.480134876721,0.059822154507799,290.681768250631,291.35057497084,0.668806720208693,673.996686995729,667.909508534677,-6.08717846105219,0.448779306466221,0.484942720633722,0.0361634141675006,1.20360649858677,1.22171378335528,0.0181072847685135,93.0458086080795,0,-93.0458086080795,7.11950131050429,0,-7.11950131050429
"485",38.3081779479981,-80.6221313476563,16,4,3.43903332835153e-05,3.82903442048945e-05,3.90001092137918e-06,0.336014300032996,0.319907016768317,-0.0161072832646798,4.07514917748606,4.14830331720858,0.0731541397225142,291.011223378588,282.723815917969,-8.28740746061936,2.08636447741603e-05,0,-2.08636447741603e-05,290.254572192778,290.392220585249,0.137648392470737,291.558831254125,292.443599899914,0.884768645789279,748.430782527826,752.840749403471,4.4099668756453,0.448950472744915,0.444299846088148,-0.00465062665676697,1.28331478647513,1.31297889581598,0.0296641093408481,93.1076032177366,0,-93.1076032177366,7.21020842659094,0,-7.21020842659094
"486",38.3111877441406,-80.6906433105469,16,4,3.45118670222078e-05,3.76633117785236e-05,3.15144475631581e-06,0.339681239387139,0.318680622728164,-0.0210006166589744,4.34253585032928,4.05033784850031,-0.292198001828968,290.894246592224,282.993927001953,-7.90031959027056,2.14305759543956e-05,0,-2.14305759543956e-05,290.225219533688,290.45483871115,0.229619177461245,291.609015713516,292.55065025858,0.941634545063891,734.241224010042,751.110349566892,16.8691255568507,0.662736422764391,0.726332960438759,0.0635965376743676,0.782499012732722,0.829195549966,0.0466965372332785,94.3345798640178,0,-94.3345798640178,7.37995163188478,0,-7.37995163188478
"487",38.3141593933106,-80.7591552734375,16,4,3.47134406841674e-05,3.71469559541763e-05,2.43351527000895e-06,0.336282474464192,0.316663540382444,-0.0196189340817476,4.26616014985957,3.98023090199528,-0.285929247864291,291.330891301374,283.252380371094,-8.07851093028052,2.14537122064759e-05,0,-2.14537122064759e-05,290.598837389478,290.792869112851,0.194031723372916,291.91469149244,292.89670784821,0.982016355770213,773.654790284048,790.523027591545,16.8682373074962,0.342671880952822,0.346789353632306,0.00411747267948381,0.80249059841768,0.893330897285636,0.0908402988679552,93.8190822807761,0,-93.8190822807761,7.33205180494116,0,-7.33205180494116
"488",38.3170928955078,-80.8276977539063,16,4,3.47063726172201e-05,3.71698652398477e-05,2.46349262262759e-06,0.33395673558169,0.316307056947245,-0.0176496786344448,4.27254668667785,3.99363144442566,-0.278915242252187,291.443565891586,283.640502929688,-7.80306296189826,2.16671710337133e-05,0,-2.16671710337133e-05,290.782130054802,291.072473260799,0.290343205997146,292.194444300166,293.260924388362,1.06648008819576,785.658581245446,814.231927031113,28.5733457856661,0.928848953961478,0.945153097760502,0.0163041437990238,0.618224514868102,0.700729391474289,0.0825048766061867,93.9796913726401,0,-93.9796913726401,7.33213314437519,0,-7.33213314437519
"489",38.3199844360352,-80.896240234375,16,4,3.45962809348549e-05,3.69825673941339e-05,2.38628645927895e-06,0.326261955840808,0.315321334085076,-0.010940621755732,3.81607673514603,3.91732279459635,0.101246059450329,291.929907099429,283.790679931641,-8.13922716778796,2.12745161894533e-05,0,-2.12745161894533e-05,291.168413572089,291.280426498068,0.112012925979116,292.438746792748,293.40298072091,0.96423392816223,835.090815721119,841.745557080988,6.65474135986938,0.0808248459005014,-0.00488057954000739,-0.0857054254405088,0.727335779921851,0.771559031314504,0.0442232513926526,93.2293484462029,0,-93.2293484462029,7.15505581836798,0,-7.15505581836798
"490",38.3398857116699,-80.1384582519531,16,4,3.03382485564605e-05,4.10999969284605e-05,1.07617483719999e-05,0.378099854579913,0.352234450223789,-0.0258654043561244,6.78527117998172,6.21491396325266,-0.570357216729058,287.77750508514,278.530151367188,-9.24735371795271,1.63308508085276e-05,0,-1.63308508085276e-05,286.775374570266,286.689021431935,-0.086353138330594,288.121721892164,288.213341314809,0.0916194226450671,456.653470580393,429.60546267472,-27.048007905673,2.08434079709769,2.22353386811982,0.139193071022131,0.229056616139552,0.154312054983879,-0.0747445611556729,91.3020226847071,0,-91.3020226847071,6.74889542446408,0,-6.74889542446408
"491",38.343147277832,-80.2070007324219,16,4,3.05239151200907e-05,3.95851734908841e-05,9.06125837079349e-06,0.374445434644465,0.3459106947718,-0.0285347398726652,6.47415963197366,5.73007622743264,-0.744083404541016,287.765295141762,279.091125488281,-8.67416965348116,1.66076646085463e-05,0,-1.66076646085463e-05,287.018375550892,287.057381473573,0.0390059226811559,288.335439170279,288.635657127289,0.300217957010261,469.131865879877,456.878241291728,-12.2536245881498,1.33282830931055,1.52245598807715,0.189627678766593,-0.343028277569517,-0.390828492231619,-0.0478002146621017,89.7044588372958,0,-89.7044588372958,6.72515463175036,0,-6.72515463175036
"492",38.3495635986328,-80.3440551757813,16,4,3.25714323729047e-05,4.00227999424172e-05,7.45136756951252e-06,0.360886372351256,0.336731347082475,-0.024155025268781,5.28066263443384,5.03568171639728,-0.244980918036568,289.049169938718,280.382385253906,-8.66678468481126,1.8382132442018e-05,0,-1.8382132442018e-05,288.242272902494,288.270941885252,0.0286689827572104,289.420378810128,289.859739442472,0.439360632343778,575.609111729314,563.050094548436,-12.5590171808781,0.797330277317577,0.812063944019609,0.0147336667020322,1.62004842022617,1.66348884274113,0.043440422514964,91.4851979323631,0,-91.4851979323631,7.03956699256833,0,-7.03956699256833
"493",38.3527069091797,-80.41259765625,16,4,3.30217609095549e-05,3.97204724952721e-05,6.69871158571725e-06,0.355172325443634,0.334097770114179,-0.0210745553294546,4.92131943987985,4.96845713232318,0.047137692443326,289.314529861741,281.065093994141,-8.24943586760025,1.90263234241962e-05,0,-1.90263234241962e-05,288.658769599055,288.777448866404,0.118679267349478,289.93770328934,290.43251890862,0.494815619280018,606.336434616696,604.354210936018,-1.98222368067786,1.00670794561244,1.08509775652544,0.0783898109129915,1.48040274832915,1.54678615749792,0.0663834091687789,91.5269205947532,0,-91.5269205947532,7.06152803516916,0,-7.06152803516916
"494",38.355827331543,-80.4811401367188,16,4,3.41923226915666e-05,3.91525532194792e-05,4.96023052791267e-06,0.351133610617495,0.327426346677817,-0.0237072639396782,4.83895365397135,4.57589961320926,-0.263054040762094,290.206577281331,281.674926757812,-8.53165052351801,1.9857821095967e-05,0,-1.9857821095967e-05,289.402416979691,289.438440446139,0.0360234664473751,290.50448833871,291.196634057282,0.692145718572306,679.559502492745,671.395887596294,-8.16361489645101,0.475755008289106,0.452042703140323,-0.0237123051487834,1.50106395771207,1.61397842928864,0.112914471576568,91.9567075059677,0,-91.9567075059677,7.21048124518398,0,-7.21048124518398
"495",38.3589057922363,-80.5497131347656,16,4,3.48967899566302e-05,3.86284318142879e-05,3.73164185765767e-06,0.339975796707567,0.320371650952567,-0.0196041457550009,4.41281726217677,4.16398987403283,-0.248827388143948,290.959010383126,282.595458984375,-8.3635513987515,2.09768426120615e-05,0,-2.09768426120615e-05,290.230364978282,290.355154424922,0.124789446640079,291.471783695557,292.340157944685,0.868374249127385,751.650172682303,755.264065722982,3.61389304067893,0.685578250513098,0.694921950024523,0.00934369951142411,1.8445401452772,1.93119913487869,0.0866589896014893,92.8376192184281,0,-92.8376192184281,7.27455337015185,0,-7.27455337015185
"496",38.3619422912598,-80.6182556152344,16,4,3.38760105025782e-05,3.75252075029896e-05,3.64919700041137e-06,0.337894476611928,0.319589889778936,-0.0183045868329917,4.20238493242834,4.02663886241424,-0.175746070014106,290.803824850052,282.956512451172,-7.84731239887964,2.08194048608141e-05,0,-2.08194048608141e-05,290.166487772736,290.39592108201,0.229433309274214,291.55920470735,292.506387176432,0.947182469081895,728.547332562495,745.319696741437,16.7723641789423,1.11504136007795,1.19028471893692,0.0752433588589703,1.21601880031579,1.33579965958301,0.119780859267227,92.5231715793608,0,-92.5231715793608,7.23875358533423,0,-7.23875358533423
"497",38.3649559020996,-80.6868286132813,16,4,3.38864027415645e-05,3.70467744139358e-05,3.16037167237128e-06,0.342479265886725,0.320672911494832,-0.0218063543918922,4.43398773975861,4.06033230642987,-0.373655433328742,290.639279178608,282.847442626953,-7.79183655165474,2.06215650873334e-05,0,-2.06215650873334e-05,289.853698442516,289.976845527854,0.123147085338246,291.273369268737,292.115925614172,0.842556345435241,695.840969679411,701.487355101258,5.64638542184707,0.783636102745975,0.843243615397357,0.0596075126513825,0.968407764353405,1.10784246232399,0.139434697970585,93.2470537798553,0,-93.2470537798553,7.29210235454303,0,-7.29210235454303
"498",38.3679237365723,-80.7554016113281,16,4,3.4385355119283e-05,3.77022129920876e-05,3.31685787280453e-06,0.337371313841992,0.320600506490621,-0.0167708073513712,4.25788993509407,4.27167103433201,0.0137810992379466,291.062139879539,283.022857666016,-8.03928221352311,2.08847381949493e-05,0,-2.08847381949493e-05,290.290911907612,290.403791009605,0.112879101992803,291.554659717975,292.423449192519,0.868789474544371,743.881662111954,749.289920105271,5.40825799331708,0.28247962414618,0.300432378324203,0.0179527541780228,0.837113461720573,0.872174263964617,0.0350608022440438,93.5191462341097,0,-93.5191462341097,7.27310420478581,0,-7.27310420478581
"499",38.3708572387695,-80.823974609375,16,4,3.48928516285752e-05,3.72425651588823e-05,2.34971353030704e-06,0.331945140812747,0.317418927047252,-0.0145262137654945,4.08699355166183,4.04508395072741,-0.0419096009344111,291.543484245519,283.600982666016,-7.94250157950336,2.15816227101949e-05,0,-2.15816227101949e-05,290.760035898712,290.945355926563,0.185320027850366,292.13912861997,293.102200359217,0.963071739247027,786.559841265593,804.484169543257,17.9243282776642,0.660147750464255,0.645000776254749,-0.0151469742095058,0.798574113994311,0.854675993432653,0.0561018794383421,94.4310880939604,0,-94.4310880939604,7.31710494646164,0,-7.31710494646164
